3.	1.	0.30000000000000004	0.	0.	0.	0.0002175700882462762	0.09216296034965585	0.000012278926198032816	0.0007183383234506202	0.9076071906358998
3.	1.06735	0.30000000000000004	0.	0.	0.	0.00023948307105380002	0.10016935735343484	0.00001545760653075389	0.0007163216458626978	0.8995757019689806
3.	1.1347	0.30000000000000004	0.	0.	0.	0.0002605319187311726	0.10885070012219397	0.000019125375605037728	0.0007175812962602476	0.8908696425834698
3.	1.20205	0.30000000000000004	0.	0.	0.	0.00028036033305873966	0.11806740239367038	0.000023290764272936888	0.0009053666227424837	0.8816289465089979
3.	1.2694	0.30000000000000004	0.	0.	0.	0.0002986497934494537	0.12769997670607114	0.00002795305784952872	0.0013425157270168246	0.8719734204426299
3.	1.33675	0.30000000000000004	0.	0.	0.	0.0003151391184935358	0.13764809531848993	0.00003310387263480793	0.001965481229396126	0.8620036616903817
3.	1.4041000000000001	0.30000000000000004	0.	0.	0.	0.00032959505318332246	0.14781339414894237	0.00003872461452095761	0.00271768468524739	0.8518182861833533
3.	1.47145	0.30000000000000004	0.	0.	0.	0.0003418136337867151	0.1580977359492924	0.0000447860912218316	0.003549387972884296	0.841515664325699
3.	1.5388000000000002	0.30000000000000004	0.	0.	0.	0.0003516210907470367	0.16840138504254415	0.00005124823055210021	0.004417227544900923	0.8311957456361567
3.	1.60615	0.30000000000000004	0.	0.	0.	0.0003588741693000545	0.17862121286197455	0.00005805988151764296	0.005283679099477465	0.8209618530872078
3.	1.6735000000000002	0.30000000000000004	0.	0.	0.	0.0003634594922608241	0.18864963631903497	0.00006515857314554021	0.006116528605098811	0.8109217456155586
3.	1.74085	0.30000000000000004	0.	0.	0.	0.00036528995456462166	0.19837850468515816	0.00007246971918624906	0.0068883316629668526	0.8011837356410909
3.	1.8082	0.30000000000000004	0.	0.	0.	0.00036430705305784205	0.20768830356993753	0.00007990676955777217	0.007576015114088459	0.7918674826074469
3.	1.87555	0.30000000000000004	0.	0.	0.	0.0003604753285478093	0.2164537771641786	0.00008736975269044212	0.008160385569344526	0.7830983777545831
3.	1.9429	0.30000000000000004	0.	0.	0.	0.0003537818631143451	0.22453706089997386	0.00009474436665997513	0.008625758256462059	0.7750144128702519
3.	2.01025	0.30000000000000004	0.	0.	0.	0.00034423309068405623	0.23178572218724025	0.00010189998189790899	0.008959564097384218	0.7677681447401778
3.	2.0776000000000003	0.30000000000000004	0.	0.	0.	0.000331852937508525	0.23802702375671145	0.00010868713667997184	0.009152011146345328	0.7615324361691
3.	2.14495	0.30000000000000004	0.	0.	0.	0.0003166811156654517	0.24306119005530707	0.00011493399106017497	0.009195778693619656	0.7565071948379674
3.	2.2123	0.30000000000000004	0.	0.	0.	0.0002987722067510312	0.2466527242536407	0.00012044148719079085	0.009085760524789288	0.7529280620524175
3.	2.27965	0.30000000000000004	0.	0.	0.	0.0002781963958635566	0.24851877917906734	0.00012497699466967435	0.008818890047915856	0.7510780474303994
3.	2.3470000000000004	0.30000000000000004	0.	0.	0.	0.00025504286813635423	0.2483143256096113	0.000128266219442061	0.008394089184354053	0.7513023653028102
3.	2.347	0.30000000000000004	0.	0.	0.	0.0002550428681353431	0.2483143256086267	0.0001282662194427262	0.008394089184320776	0.7513023653037952
3.	2.3715401216290193	0.30000000000000004	0.	0.	0.	0.00024598740201158686	0.24764479412053647	0.00012909295362609126	0.00820018372986681	0.7519801255238259
3.	2.3960802432580386	0.30000000000000004	0.	0.	0.	0.00023661153018560553	0.24662127669408257	0.0001296939222518066	0.007985557807823696	0.75301241785348
3.	2.4206203648870583	0.30000000000000004	0.	0.	0.	0.00022692293594927897	0.2452182446162218	0.0001300503265141986	0.007750392536926125	0.7544247821213147
3.	2.4451604865160776	0.30000000000000004	0.	0.	0.	0.00021693037342346237	0.2434081924889232	0.00013014220266530799	0.0074949267857033226	0.756244734934988
3.	2.469700608145097	0.30000000000000004	0.	0.	0.	0.00020664389268769179	0.2411616370861025	0.00012994841188042783	0.007219465936777193	0.7585017706093293
3.	2.4942407297741163	0.30000000000000004	0.	0.	0.	0.0001960751665403937	0.2384470473117267	0.0001294467023417653	0.006924394228443258	0.7612274308193911
3.	2.518780851403136	0.30000000000000004	0.	0.	0.	0.0001852378533570982	0.2352310218888697	0.000128613838779273	0.006610189625767388	0.7644551264189939
3.	2.5433209730321553	0.30000000000000004	0.	0.	0.	0.00017414806136121372	0.23147864076543004	0.0001274258691703811	0.00627744275471024	0.7682197853040383
3.	2.5678610946611746	0.30000000000000004	0.	0.	0.	0.00016282494243584556	0.2271540723264143	0.00012585861700109622	0.005926881174128409	0.7725572441141487
3.	2.592401216290194	0.30000000000000004	0.	0.	0.	0.00015129141207370641	0.22222175325831398	0.0001238885251258347	0.005559399739951543	0.7775030668044864
3.	2.6169413379192137	0.30000000000000004	0.	0.	0.	0.0001395750347317454	0.21664846778144364	0.00012149408627496556	0.005176098020798242	0.7830904630975497
3.	2.641481459548233	0.30000000000000004	0.	0.	0.	0.00012770912568523354	0.21040684788360967	0.00011865831301477584	0.004778327209037599	0.7893467846776903
3.	2.6660215811772523	0.30000000000000004	0.	0.	0.	0.0001157340473530859	0.2034817506625901	0.0001153730516159427	0.004367746396037499	0.7962871422384409
3.	2.6905617028062716	0.30000000000000004	0.	0.	0.	0.00010369873682200258	0.1958818383690848	0.00011164690931875054	0.003946389352542347	0.8039028159847744
3.	2.7151018244352914	0.30000000000000004	0.	0.	0.	0.00009166235502995405	0.18766219254406888	0.00010752080854036839	0.003516738273312359	0.8121386242923608
3.	2.7396419460643107	0.30000000000000004	0.	0.	0.	0.00007969564776733649	0.17897323937243143	0.0001031016551243482	0.0030817888350245875	0.8208439633246769
3.	2.76418206769333	0.30000000000000004	0.	0.	0.	0.00006788071991078545	0.17018138045855383	0.00009864696184626986	0.0026450548023922373	0.8296520918596891
3.	2.7887221893223493	0.30000000000000004	0.	0.	0.	0.00005630328998974531	0.16224296200400262	0.00009483202389160655	0.0022102762216069617	0.8376059026821161
3.	2.8132623109513686	0.30000000000000004	0.	0.	0.	0.000045000876860882735	0.1584144625215357	0.00009402679303704754	0.0017793711731193872	0.8414465098085664
3.	2.8378024325803883	0.30000000000000004	0.	0.	0.	0.00003231457218165251	0.2079725133973298	0.0001246246487600203	0.0012867332387561385	0.7918705473817286
3.	2.8623425542094076	0.30000000000000004	0.	0.	0.	0.000025992832724118445	0.11662737834584208	0.00007392035142939006	0.0010223398957478211	0.8832727084700044
3.	2.886882675838427	0.30000000000000004	0.	0.	0.	0.000018167948247792157	0.07204275401387732	0.00004460437686581915	0.0007194396881468105	0.9278944736610091
3.	2.9114227974674467	0.30000000000000004	0.	0.	0.	0.000011050764624247901	0.04059113675595812	0.000024865321858541077	0.0004405015533668504	0.959372947157559
3.	2.9359629190964656	0.30000000000000004	0.	0.	0.	5.399249928928694e-6	0.01872551812134724	0.000011404513225639836	0.000216609680233589	0.9812576781154982
3.	2.9605030407254853	0.30000000000000004	0.	0.	0.	1.7529785418788504e-6	0.005800890569039518	3.5215633239455547e-6	0.00007076782248258732	0.9941938348890946
3.	2.9850431623545046	0.30000000000000004	0.	0.	0.	4.676123635646813e-7	0.0014863248074051148	9.008385986815174e-7	0.00001899276344239618	0.9985123067416326
3.	3.009583283983524	0.30000000000000004	0.	0.	0.	2.296241763568954e-6	0.007043044878755624	4.2664062669550856e-6	0.00009381956049819293	0.9929503924732138
3.	3.0341234056125437	0.30000000000000004	0.	0.	0.	6.826339470969134e-6	0.020273217099182124	0.0000122840271311025	0.0002805242180468611	0.9797076725342158
3.	3.058663527241563	0.30000000000000004	0.	0.	0.	0.000014051071055060104	0.040510948532154145	0.000024568001070544362	0.0005806761667676663	0.9594504323957203
3.	3.0832036488705823	0.30000000000000004	0.	0.	0.	0.000023674762027379857	0.06640192744610782	0.00004032413441606472	0.0009837616542873625	0.9335340736574488
3.	3.1077437704996016	0.30000000000000004	0.	0.	0.	0.000035225285385677806	0.0962764289047647	0.000058567953667458524	0.0014715607770339376	0.9036297778561821
3.	3.132283892128621	0.30000000000000004	0.	0.	0.	0.00004812352510742643	0.1283539976232756	0.00007824304581983735	0.0020208881163760483	0.8715196358057972
3.	3.1568240137576407	0.30000000000000004	0.	0.	0.	0.00006174574839435571	0.16090477143455773	0.00009831532470118517	0.002606133897784483	0.8389351674923468
3.	3.18136413538666	0.30000000000000004	0.	0.	0.	0.00007547773509618802	0.19237204362131533	0.00011784581541169693	0.003201539641090309	0.8074346328281767
3.	3.2059042570156793	0.30000000000000004	0.	0.	0.	0.00008875442712959272	0.22144636895350583	0.00013603568061043082	0.0037829248286276704	0.7783288409387541
3.	3.230444378644699	0.30000000000000004	0.	0.	0.	0.00010108265608673211	0.24709203976376373	0.00015224338473527853	0.004328735012058073	0.7526546341954142
3.	3.2549845002737183	0.30000000000000004	0.	0.	0.	0.00011204838457154796	0.2685355066001022	0.0001659792418084095	0.004820446485962531	0.7311864657735179
3.	3.2795246219027376	0.30000000000000004	0.	0.	0.	0.00012131217984550934	0.28522900742318386	0.00017688495555240146	0.0052424656070090185	0.7144727954414183
3.	3.304064743531757	0.30000000000000004	0.	0.	0.	0.00012859726047037247	0.29680218778820905	0.00018470556347192078	0.00558169533438745	0.7028845093878486
3.	3.3286048651607762	0.30000000000000004	0.	0.	0.	0.0001336740290276007	0.3030115725279933	0.0001892596678787805	0.005826930405610737	0.6966654937751002
3.	3.353144986789796	0.30000000000000004	0.	0.	0.	0.00013634414265110357	0.3036946396490531	0.00019041199917976183	0.005968211431694796	0.6959786042091161
3.	3.3776851084188153	0.30000000000000004	0.	0.	0.	0.00013642646238946546	0.2987328564654116	0.0001880510002792197	0.005996241657532019	0.7009426660719197
3.	3.4022252300478346	0.30000000000000004	0.	0.	0.	0.00013374707077507805	0.2880271279976723	0.00018207370192175573	0.005901966455925972	0.7116570512296309
3.	3.4267653516768544	0.30000000000000004	0.	0.	0.	0.00012813629791204862	0.27149044257849936	0.0001723810206144023	0.005676451892956595	0.7282090401029742
3.	3.4513054733058732	0.30000000000000004	0.	0.	0.	0.00011943795804612879	0.24906662044209552	0.0001588894089134011	0.005311302777309548	0.750655052190945
3.	3.475845594934893	0.30000000000000004	0.	0.	0.	0.00010754062843051367	0.22079249030280665	0.00014157052117761082	0.004800073287610152	0.7789583985475852
3.	3.5003857165639123	0.30000000000000004	0.	0.	0.	0.00009244889172020369	0.18693520917419582	0.00012054073511073199	0.0041414976542313384	0.8128518011989733
3.	3.5249258381929316	0.30000000000000004	0.	0.	0.	0.00007442399596141007	0.1482556981341973	0.00009623913056439987	0.0033459077885336723	0.8515736387392769
3.	3.5494659598219513	0.30000000000000004	0.	0.	0.	0.000054231518476323306	0.1064592841428417	0.00006980062197009843	0.0024466052247955035	0.8934166837167119
3.	3.57400608145097	0.30000000000000004	0.	0.	0.001014791090084162	0.00003347492709637982	0.0647743143615724	0.00004331255790684692	0.0015153389306787723	0.9341341070633402
3.	3.59854620307999	0.30000000000000004	0.	0.	0.000680468993957968	0.000015120380543556462	0.028847597144614164	0.000019444588793970976	0.0006867500047099802	0.9704373688920903
3.	3.6230863247090093	0.30000000000000004	0.	0.	0.00017189190292681423	3.082740504549271e-6	0.005800357414281809	3.935141531560109e-6	0.000140471247279959	0.9940207328007553
3.	3.6476264463380286	0.30000000000000004	0.	0.	0.00008266880729033303	1.2800303746008234e-6	0.0023758077536748653	1.6211391211768943e-6	0.00005851333537641037	0.997538622269539
3.	3.6721665679670483	0.30000000000000004	0.	0.	0.0008009121458252843	0.000011094261262931285	0.020317050793922105	0.000013937411934000014	0.0005087301928731776	0.9788570053870557
3.	3.6967066895960676	0.30000000000000004	0.	0.	0.002248729226330497	0.000028486669898299418	0.05148363962894156	0.000035495364625594093	0.0013102573543022733	0.946203649110204
3.	3.721246811225087	0.30000000000000004	0.	0.	0.003988541685584916	0.00004690411255630439	0.08367468814977454	0.000057966854993068024	0.002163832731436696	0.9122318991970911
3.	3.7457869328541067	0.30000000000000004	0.	0.	0.0054898543964339375	0.00006058421132976708	0.10670510551869494	0.0000742638842717006	0.0028031275757512916	0.8876701919892697
3.	3.7703270544831256	0.30000000000000004	0.	0.	0.0064132000636643845	0.00006696433716535883	0.11646506348322859	0.00008142032826413398	0.003107213962129386	0.8769733517876775
3.	3.7948671761121453	0.30000000000000004	0.	0.	0.006663966213572395	0.00006626254506604628	0.11382231775371231	0.00007992033714745331	0.0030832882348839816	0.8793675331505019
3.	3.8194072977411646	0.30000000000000004	0.	0.	0.006312051581985025	0.00006007894113742214	0.10194524039694022	0.0000718860942329015	0.0028032488005074697	0.8916107429857044
3.	3.843947419370184	0.30000000000000004	0.	0.	0.0055039419789662146	0.00005036057972773882	0.08442992363622216	0.00005978376753492983	0.002356128946501193	0.909955990037549
3.	3.8684875409992037	0.30000000000000004	0.	0.	0.004410095424657701	0.00003892921339317387	0.06449344126859864	0.00004585392910191049	0.0018261193530448466	0.9310116801642485
3.	3.893027662628223	0.30000000000000004	0.	0.00011059062910276357	0.0032006427986064393	0.00002733925101089129	0.04476430333563441	0.000031954753527346354	0.0012857667709347705	0.9518651692321182
3.	3.9175677842572423	0.30000000000000004	0.	0.00044993522299396514	0.0020363104978064466	0.000016874885415890235	0.02731242876226164	0.000019573919210764458	0.0007956387558316173	0.9701648767123113
3.	3.9421079058862616	0.30000000000000004	0.	0.0006485988518185631	0.0010632690719738131	8.56769852014171e-6	0.01370960597029589	9.863467451085291e-6	0.0004049643771194296	0.9845600949399405
3.	3.966648027515281	0.30000000000000004	0.	0.000493050507587937	0.00040388948467638935	3.1707570196811935e-6	0.00501684036759979	3.6232408353204625e-6	0.00015023521946931281	0.9940794256422808
3.	3.9911881491443006	0.30000000000000004	0.	0.00031903946863856385	0.00015497433811268227	1.187393084254606e-6	0.0018579407317366068	1.3469070067706346e-6	0.00005639473976090547	0.9976655111614211
3.	4.0157282707733195	0.30000000000000004	0.	0.001399091052610134	0.0004482110521576326	3.35677782326404e-6	0.0051950752758771045	3.780199065283451e-6	0.0001598017883004972	0.9929504856424666
3.	4.040268392402339	0.30000000000000004	0.	0.005605014455537371	0.0012731888578504848	9.333367391754518e-6	0.014288935677475387	0.000010435633318880182	0.00044534084813192706	0.9788130920084261
3.	4.064808514031359	0.30000000000000004	0.	0.015516724438925864	0.0026338680395102264	0.000018922778232637353	0.02866141443808393	0.000021008366042552042	0.0009049297629953642	0.9531480619392048
3.	4.089348635660378	0.30000000000000004	0.	0.033889048476305646	0.0044730651887476165	0.00003153040306834412	0.04725535340493031	0.00003476175850451021	0.0015111808625483327	0.9143162407684435
3.	4.113888757289398	0.30000000000000004	0.	0.06295038637713742	0.006665486473729578	0.00004614586504982865	0.06844147358040298	0.0000505250889660496	0.0022164517148920704	0.8618459826147141
3.	4.1384288789184165	0.30000000000000004	0.	0.10368395979356049	0.009030710674927592	0.00006146158070458613	0.09022158055215526	0.00006683695367627339	0.002958351868135976	0.7969354504449758
3.	4.162969000547436	0.30000000000000004	0.	0.15537180175237025	0.011363373255803267	0.00007609216621043311	0.11056577985731125	0.00008219158165321466	0.003670195210673751	0.7225407613866516
3.	4.187509122176456	0.30000000000000004	0.	0.21565643391435724	0.01347422537152111	0.00008884382847693692	0.12780121395612962	0.00009532882848493581	0.004294004658125467	0.6428839541010303
3.	4.212049243805476	0.30000000000000004	0.	0.2811209959233314	0.015226088970246358	0.00009892722795203485	0.14089717919683836	0.000105452494304792	0.004790936787915112	0.562551356187327
3.	4.236589365434495	0.30000000000000004	0.	0.34811368993335695	0.016550909175351895	0.00010603344355060375	0.1495405289273233	0.00011229531342779633	0.005145179651564553	0.48557654320698945
3.	4.261129487063514	0.30000000000000004	0.	0.41346257025535965	0.017445176504165084	0.0001102702181406308	0.15401172528077303	0.00011603467185959759	0.005361089959678044	0.414854223069702
3.	4.285669608692533	0.30000000000000004	0.	0.4748680928143792	0.01795133774483045	0.00011201878330878045	0.154958336975238	0.00011712875391233655	0.00545641477120138	0.35199308492833126
3.	4.310209730321553	0.30000000000000004	0.	0.5309671581442684	0.018135844839434017	0.00011178285273584653	0.15317081922931358	0.00011615092340660025	0.005455043524221442	0.29749824401084146
3.	4.334749851950573	0.30000000000000004	0.	0.5811860300728328	0.01807124821362844	0.0001100742273643275	0.149420663110602	0.000113668192671814	0.005381463246324272	0.2510983161829007
3.	4.359289973579592	0.30000000000000004	0.	0.6255144602933079	0.01782491974427269	0.00010734650096179757	0.14437225464947245	0.00011017356890052825	0.0052575070484995904	0.2120708452430846
3.	4.3838300952086104	0.30000000000000004	0.	0.6642893214217425	0.017453697476237453	0.0001039682045218388	0.13855212075579018	0.00010606108027786183	0.005101003497506131	0.17949483106143024
3.	4.40837021683763	0.30000000000000004	0.	0.6980266683712497	0.01700255054567973	0.00010022090536708481	0.13235276615703814	0.00010162696460667613	0.0049256403296210885	0.15241616705605868
3.	4.43291033846665	0.30000000000000004	0.	0.7273077668178914	0.016505432546726366	0.00009630970226290044	0.1260524948184424	0.00009708326287304968	0.004741439532443454	0.1299409128518038
3.	4.45745046009567	0.30000000000000004	0.	0.7527101281054459	0.015987051293802127	0.00009237796333642322	0.11983964807205477	0.00009257514121977891	0.004555448791740405	0.11127821942414098
3.	4.481990581724689	0.30000000000000004	0.	0.7747703710880784	0.01546480934774673	0.00008852185949557686	0.11383527506221693	0.00008819736887980566	0.004372431637319605	0.0957528252735825
3.	4.506530703353708	0.30000000000000004	0.	0.7939678866329579	0.014950569180369582	0.00008480285083069756	0.10811199593232364	0.00008400817202632679	0.004195464566408494	0.08280073723149185
3.	4.531070824982727	0.30000000000000004	0.	0.8107210538422855	0.01445211758821222	0.00008125764019699405	0.10270867622237106	0.00008004009966473081	0.0040264154854069535	0.07195685460726946
3.	4.555610946611747	0.30000000000000004	0.	0.8253885647880426	0.013974285333086686	0.0000779055721803924	0.09764114042548006	0.00007630800610134648	0.0038663006523598003	0.06284179587510894
3.	4.580151068240767	0.30000000000000004	0.	0.8382751030271224	0.013519813252974428	0.0000747541827005837	0.09291004177968376	0.00007281495548097357	0.0037155535514555487	0.055147472802037856
3.	4.604691189869786	0.30000000000000004	0.	0.8496382238052016	0.013089992449839882	0.00007180319110083602	0.08850641384975112	0.0000695564157879443	0.0035742190376024685	0.048624010288318614
3.	4.629231311498805	0.30000000000000004	0.	0.8596950395083532	0.012685125492628926	0.00006904730039063113	0.08441548759503183	0.0000665231631177813	0.003442090033488528	0.04306877694047759
3.	4.653771433127824	0.30000000000000004	0.	0.8686284180084873	0.012304856891097015	0.00006647814625033738	0.08061928938042787	0.00006370327353081918	0.0033188030867714047	0.03831725430020662
3.	4.678311554756844	0.30000000000000004	0.	0.8765924602260868	0.011948407436242196	0.00006408563504339091	0.0770983761465923	0.00006108346717611	0.0032039042866448602	0.03423558708885917
3.	4.702851676385864	0.30000000000000004	0.	0.8837172127420383	0.01161473872155006	0.00006185884850337915	0.07383296984473509	0.000058649998108827956	0.00309689409414706	0.030714569845064363
3.	4.727391798014883	0.30000000000000004	0.	0.8901126611885374	0.011302667409894026	0.000059786644009895284	0.07080367904413074	0.00005638922866900961	0.0029972573159694916	0.027664816484758964
3.	4.751931919643902	0.30000000000000004	0.	0.8958720645357684	0.01101094363443966	0.000057858043092733504	0.06799193741538564	0.00005428798726507611	0.002904482694820596	0.025012908384048488
3.	4.776472041272921	0.30000000000000004	0.	0.9010749215619697	0.010738303033888981	0.00005606246903357571	0.06538030134911946	0.000052333772768152517	0.0028180753797756625	0.02269807781322017
3.	4.801012162901941	0.30000000000000004	0.	0.9057889688606727	0.010483503251042024	0.00005438989731487121	0.06295248285694127	0.000050514876340973825	0.002737564238437013	0.020670140257688124
3.	4.89262894023382	0.30000000000000004	0.	0.9199592423835772	0.009670325316921058	0.00004908116698402536	0.05527227091903506	0.000044745828431767995	0.0024819415187286534	0.015004334385050916
3.	4.984245717565699	0.30000000000000004	0.	0.930203660887766	0.009035385470008985	0.00004495462757155872	0.049318183096135663	0.00004025527011884099	0.0022832931288803474	0.011357560648398997
3.	5.075862494897577	0.30000000000000004	0.	0.9378211366718596	0.00853652363295353	0.00004170930862873432	0.04463251397390651	0.00003670728356312448	0.002127262590711338	0.008931409129088484
3.	5.167479272229456	0.30000000000000004	0.	0.9436193019497251	0.008142296443313116	0.00003912854571731548	0.04089297738485513	0.00003386295204241394	0.0020034671659627376	0.007272432724346925
3.	5.259096049561335	0.30000000000000004	0.	0.9481232745964554	0.007829382281281865	0.00003705588218707978	0.03787107928531173	0.000031551863839852626	0.0019043824180069258	0.00610765609092407
3.	5.350712826893214	0.30000000000000004	0.	0.9516844074438818	0.007580356189727231	0.00003537699724550397	0.035402662496104124	0.000029650785154201392	0.0018244934578852956	0.005267546087887105
3.	5.442329604225092	0.30000000000000004	0.	0.9545452628681276	0.007382068802938551	0.00003400725182807806	0.03336814947302606	0.00002806928117785328	0.0017597063145827778	0.004642442322901882
3.	5.533946381556971	0.30000000000000004	0.	0.9568779486780269	0.007224481539288319	0.00003288310812829078	0.03167923233821294	0.00002674000755957389	0.0017069403151681586	0.004158714328783987
3.	5.62556315888885	0.30000000000000004	0.	0.9588075151156981	0.007099838905000821	0.000031956215423681074	0.030269857415812076	0.000025612095329931183	0.001663846053616584	0.003765220252735426
3.	5.717179936220729	0.30000000000000004	0.	0.9604266897787401	0.007002079614091065	0.00003118930144943817	0.029090053031942096	0.000024646597949474485	0.0016286088591673377	0.0034253416758277984
3.	5.808796713552608	0.30000000000000004	0.	0.9618054229528723	0.006926414598968684	0.00003055328561250632	0.02810164948013279	0.000023813317492583538	0.0015998103503830196	0.0031121463649211346
3.	5.900413490884486	0.30000000000000004	0.	0.9629972299042443	0.006869021573832832	0.000030025224674468298	0.02727527128757482	0.000023088561689197425	0.0015763296864383222	0.002805363447984384
3.	5.992030268216365	0.30000000000000004	0.	0.964043501570773	0.006826821448949555	0.00002958683146598302	0.026588196356950193	0.000022453536732064677	0.0015572722134768876	0.0024894402551291946
3.	6.083647045548244	0.30000000000000004	0.	0.9649609082445009	0.00679720293763762	0.000029222920741252802	0.026022393612872927	0.000021892783431037664	0.0015418923301252817	0.0021683795008162927
3.	6.175263822880122	0.30000000000000004	0.	0.9657531750622268	0.00677796827405515	0.000028920924265330288	0.02556369557314372	0.000021393702859124157	0.0015295711736025308	0.0018548464634498794
3.	6.266880600212001	0.30000000000000004	0.	0.9664401708541822	0.006767431147193895	0.000028671108529249603	0.025201689747374918	0.000020946396519353226	0.0015198308183977096	0.0015410907462003742
3.	6.3584973775438804	0.30000000000000004	0.	0.9670375211240752	0.006764191901517373	0.00002846545383494939	0.024928506195266403	0.000020542704558214187	0.0015122772180434512	0.0012207726207479064
3.	6.4501141548757595	0.30000000000000004	0.	0.967454266293759	0.0067673070116838095	0.000028298249307489576	0.024723172013395377	0.000020177808949496128	0.0015065183534827837	0.001006778622904856
3.	6.5417309322076385	0.30000000000000004	0.	0.9674783415835385	0.006776318973005281	0.000028166101942941845	0.02454617275338139	0.00001985063494478513	0.0015021295198897582	0.0011511499531870854
3.	6.633347709539517	0.30000000000000004	0.	0.9674286400865206	0.0067897495094192415	0.0000280616099825899	0.024438304255907584	0.000019550739792242684	0.001499067572161881	0.0012956937983777117
3.	6.724964486871396	0.30000000000000004	0.	0.967314966993762	0.006806899459410141	0.000027980846800831238	0.024397720407452604	0.000019274044126603283	0.0014971383065357905	0.0014331582484478599
3.	6.816581264203275	0.30000000000000004	0.	0.9671452759248106	0.006827172902367835	0.000027920478262535024	0.024423693862769345	0.000019017032824391155	0.0014961767095607455	0.001556919798965304
3.	6.908198041535153	0.30000000000000004	0.	0.9669258440019941	0.006850059102818292	0.000027877656827602905	0.024516533118409796	0.00001877664476930981	0.0014960417591172064	0.0016609094751808932
3.	6.999814818867032	0.30000000000000004	0.	0.9666613915148156	0.006875117645402461	0.000027849935559827976	0.024677537175043913	0.000018550183347241747	0.001496612190415374	0.0017395535458309963
3.	7.091431596198911	0.30000000000000004	0.	0.9663478877450886	0.0069019141575925895	0.00002783498828634777	0.02490879687490071	0.000018335121205843295	0.001497771749260118	0.0017952311129258887
3.	7.18304837353079	0.30000000000000004	0.	0.9659764528249228	0.006930036490189427	0.000027830662416568425	0.025213304709351063	0.000018129069438515327	0.0014994122186693922	0.0018342462436815865
3.	7.274665150862669	0.30000000000000004	0.	0.9655425189820342	0.00695915120593432	0.00002783519311444606	0.025595237957193644	0.000017929948872743393	0.0015014451501789501	0.0018573267128505974
3.	7.366281928194548	0.30000000000000004	0.	0.965040175741183	0.006988956086085666	0.000027846999571012083	0.026059898784721418	0.000017735819846706873	0.0015037910873104453	0.0018653865685922533
3.	7.457898705526426	0.30000000000000004	0.	0.9644620764074854	0.007019173203655891	0.000027864648474938874	0.02661383391691722	0.000017544842736541264	0.0015063777301936932	0.0018595069807300288
3.	7.549515482858305	0.30000000000000004	0.	0.9637992970261394	0.007049542597130948	0.000027886821636213114	0.027264998334712173	0.00001735524244282397	0.0015091382975509797	0.001840919977938421
3.	7.641132260190183	0.30000000000000004	0.	0.9630411404028448	0.007079816303293546	0.00002791228648442837	0.028022971297572235	0.00001716527546061918	0.0015120100219061638	0.0018109944343443415
3.	7.732749037522062	0.30000000000000004	0.	0.9621748711220013	0.007109752490999541	0.000027939868177059785	0.028899239548993923	0.000016973198262874144	0.0015149327134010779	0.0017712237715653174
3.	7.824365814853941	0.30000000000000004	0.	0.9611853657478867	0.007139109447477225	0.000027968422157568577	0.029907564205824293	0.00001677723583148097	0.001517847332247502	0.001723214940822719
3.	7.91598259218582	0.30000000000000004	0.	0.9600546506257998	0.007167639097250075	0.000027996805777216873	0.031064459621846056	0.000016575549051685068	0.00152069449675511	0.0016686783002752142
3.	8.007599369517699	0.30000000000000004	0.	0.9587611137407991	0.0071950783465992915	0.000028023842241427865	0.03238981491555477	0.000016366197261954698	0.0015234125621217663	0.0016096029575434767
3.	8.099216146849578	0.30000000000000004	0.	0.9572527181235261	0.007220944446354609	0.000028047524147268463	0.033906802888549	0.000016146666439154612	0.0015258943177437418	0.0015753403509838892
3.	8.190832924181457	0.30000000000000004	0.	0.9554026111306804	0.007244957880134303	0.000028066660767125252	0.03563832418966487	0.000015915205390916774	0.0015280439983635338	0.0016701249333624102
3.	8.282449701513336	0.30000000000000004	0.	0.9532749052580344	0.007266795609542833	0.000028079911706494717	0.037626145027614646	0.000015669037386253644	0.0015298207899704847	0.0017884051557153918
3.	8.374066478845215	0.30000000000000004	0.	0.9508467722667111	0.007286142689398069	0.00002808598615881822	0.03991634567593418	0.000015405578908206897	0.001531158259695531	0.0019072478028896167
3.	8.465683256177092	0.30000000000000004	0.	0.9480768174606871	0.007302597021189098	0.00002808327452400299	0.042566641801013896	0.000015121872171465528	0.001531970129541611	0.0020107385704144706
3.	8.557300033508971	0.30000000000000004	0.	0.9449067488319981	0.0073156262108353635	0.000028069685150709112	0.04565115903631788	0.000014814430722661828	0.001532143533394814	0.002083581804975282
3.	8.64891681084085	0.30000000000000004	0.	0.9412548445224087	0.007324512746612021	0.000028042438254908316	0.04926699563650332	0.000014479088602378004	0.00153152771386537	0.002111125567618659
3.	8.74053358817273	0.30000000000000004	0.	0.9370058021023482	0.007328269496894411	0.00002799774865245841	0.05354441304677912	0.00001411079429644913	0.0015299166149924956	0.0020794068110293745
3.	8.832150365504608	0.30000000000000004	0.	0.9319942603355468	0.007325503268581757	0.000027930313760559762	0.05866337084165231	0.000013703322259925175	0.0015270207863059889	0.0019752319181986708
3.	8.923767142836486	0.30000000000000004	0.	0.9259765807432513	0.007314182001479921	0.000027832440112910987	0.06488183529649752	0.000013248859534351937	0.0015224194477001726	0.0017863206591240133
3.	9.015383920168365	0.30000000000000004	0.	0.9185798093924946	0.007291214573984859	0.000027692466872664395	0.07258777530481783	0.000012737412401200078	0.0015154739725291248	0.0015007708494288313
3.	9.107000697500244	0.30000000000000004	0.	0.9092195719799372	0.0072517714883117	0.000027492222430735133	0.08240552956756862	0.00001215621929540071	0.001505188239126992	0.0010834785224563548
3.	9.198617474832123	0.30000000000000004	0.	0.8967980289213479	0.007186824869205295	0.00002719776615166541	0.09542812459430995	0.000011487699627835998	0.0014897008962905926	0.0005483361493573979
3.	9.290234252164002	0.30000000000000004	0.	0.8790775119083649	0.0070780097463052465	0.000026740100437297745	0.11387016181529072	0.000010709445254480659	0.0014652269160426883	1.e-10
3.	9.38185102949588	0.30000000000000004	0.	0.29068338407089916	0.0023106842213560653	8.715099027503054e-6	0.04823080369495798	3.294779453304069e-6	0.0004777290896781465	0.6587631181343061
3.	9.406924433874892	0.30000000000000004	0.	0.20296015175222878	0.0016157075481709007	6.0911803641934764e-6	0.03706533768789991	2.2718469176291903e-6	0.0003339298376779723	0.7583504399844185
3.	9.431997838253903	0.30000000000000004	0.	0.35503861812235477	0.0028304517918770838	0.000010666038665919817	0.07276375988541155	3.94501306295419e-6	0.0005847910566000634	0.5693525591486277
3.	9.457071242632916	0.30000000000000004	0.	0.48693312814534717	0.003887535130506833	0.000014643068392366962	0.11551842866448069	5.450069969038073e-6	0.000802921084946565	0.39364081492130387
3.	9.482144647011927	0.30000000000000004	0.	0.5516122579471335	0.00441022174604907	0.00001660466928260474	0.17882176778187245	6.590399041287727e-6	0.000910570579031911	0.265132557456621
3.	9.507218051390938	0.30000000000000004	0.	0.5808204706295458	0.004683375122072753	0.00001762554013321566	0.2199564040569758	2.6375132038894734e-6	0.0009591806908866562	0.19451948713806858
3.	9.532291455769949	0.30000000000000004	0.	0.6581729452769783	0.005314563767677809	0.00001999246875440774	0.17073023257106912	1.2393216767039375e-6	0.0010881051321222543	0.16576102659384362
3.	9.55736486014896	0.30000000000000004	0.	0.6919461253375704	0.005595092139936026	0.000021038897005934114	0.16143645849782956	8.50721673997691e-7	0.0011451786483072965	0.1410004344059841
3.	9.582438264527973	0.30000000000000004	0.	0.7149629627033961	0.005789255308720786	0.000021759902093677013	0.15464100691786786	6.698764770918744e-7	0.0011845474472124572	0.12458434529144449
3.	9.607511668906984	0.30000000000000004	0.	0.7311313430046944	0.005928374371664051	0.00002227357532708829	0.14925993031025947	5.801457240354939e-7	0.0012126350667133856	0.11365749859233096
3.	9.632585073285995	0.30000000000000004	0.	0.7427616287640474	0.00603097649836486	0.000022649758760223596	0.14473431745467008	5.4308934854753e-7	0.0012332407092797365	0.10644988443480893
3.	9.657658477665006	0.30000000000000004	0.	0.7512383377355565	0.006108165623194303	0.000022930309302634468	0.1407656801079881	5.40975253099428e-7	0.0012486412960000016	0.10186434524870541
3.	9.682731882044017	0.30000000000000004	0.	0.757377542098136	0.006166480028995166	0.000023139880753304832	0.13721762636573676	5.639723874268485e-7	0.001260177842488158	0.09921464765399138
3.	9.70780528642303	0.30000000000000004	0.	0.761700121784898	0.006210088175661523	0.000023294196255376985	0.13398320806945502	6.059814515180505e-7	0.0012687055261470996	0.09808268179227861
3.	9.73287869080204	0.30000000000000004	0.	0.7645151377885331	0.006241452764236777	0.000023402556781349687	0.13098973485482376	6.628653177788012e-7	0.0012747300706111477	0.09822960917030721
3.	9.757952095181052	0.30000000000000004	0.	0.7659826701541267	0.006261832597995085	0.000023469735302090688	0.1281759650505818	7.315999040987952e-7	0.001278510752851133	0.09955533086209026
3.	9.783025499560063	0.30000000000000004	0.	0.7661313665184097	0.006271419549309528	0.00002349649909284454	0.12548273193449527	8.097882523891487e-7	0.0012800886764785737	0.10209017571044021
3.	9.808098903939074	0.30000000000000004	0.	0.7648343061656061	0.006269202834673171	0.000023479109335086056	0.12284185490652737	8.953455692625959e-7	0.001279256802016157	0.10603026163828903
3.	9.833172308318087	0.30000000000000004	0.	0.7617596991544472	0.006252337930391556	0.000023406967195983076	0.12016843628317025	9.860781332842377e-7	0.0012754397507034989	0.1117951335866617
3.	9.858245712697098	0.30000000000000004	0.	0.7561800631107586	0.006214788082785436	0.00002325754290821349	0.11732650488788463	1.079273199697053e-6	0.0012674090087501871	0.12025430710246346
3.	9.883319117076109	0.30000000000000004	0.	0.7465614796902635	0.0061438487418313	0.00002298339628633321	0.1140690031002238	1.1706540701545006e-6	0.0012525780584893968	0.13320151441732492
3.	9.90839252145512	0.30000000000000004	0.	0.729477434334449	0.006011153830739176	0.000022478590772532728	0.10987984255293397	1.2518296132591406e-6	0.0012251712461714176	0.1546078388614921
3.	9.933465925834131	0.30000000000000004	0.	0.6965386928297163	0.005747242192450703	0.0000214837275339194	0.10353296529990524	1.3029673651248558e-6	0.0011710460175752362	0.19415831298302874
3.	9.958539330213144	0.30000000000000004	0.	0.6257320962160356	0.005169734123857948	0.000019317840553777072	0.09186092712409975	1.2710037065922561e-6	0.0010530742919050045	0.2772166536917463
3.	9.983612734592155	0.30000000000000004	0.	0.47026032507118476	0.003890280464536893	0.000014531579844818834	0.06823954680345931	1.0333464903162832e-6	0.0007922256078869372	0.4575942827344839
3.	10.008686138971166	0.30000000000000004	0.	0.38541773169123905	0.0031925253534737866	0.000011920902352102103	0.0553223952857497	9.129540615144836e-7	0.0006499505166594658	0.5560545138131239
3.	10.033759543350177	0.30000000000000004	0.	0.5766841318116035	0.0047829745752080936	0.00001785323793831624	0.08193484215114745	1.4676206633478007e-6	0.0009734704859683267	0.33657873060343935
3.	10.058832947729188	0.30000000000000004	0.	0.6667194412358072	0.005536788499762995	0.000020659617439807334	0.09382142531103625	1.8172586005209178e-6	0.001126580485702365	0.23389986807735322
3.	10.083906352108201	0.30000000000000004	0.	0.7032241884064713	0.005847371917703348	0.00002181080727335778	0.09806815402562216	2.0468808683677337e-6	0.0011894477461649965	0.1928364279620615
3.	10.108979756487212	0.30000000000000004	0.	0.7176661021984941	0.005975012684539393	0.000022279107168824072	0.09923417260893537	2.2246305573767e-6	0.001215079292586916	0.1771002087703049
3.	10.134053160866223	0.30000000000000004	0.	0.72188707284186	0.006017727850875552	0.000022430587862162026	0.0990207583536002	2.377016643541583e-6	0.0012234331357736342	0.17304963334915852
3.	10.159126565245234	0.30000000000000004	0.	0.7201946242501686	0.0060111484528322	0.00002239834591793185	0.09804480389973877	2.5130725024899435e-6	0.001221765390413462	0.17572451197884004
3.	10.184199969624245	0.30000000000000004	0.	0.7137968899827891	0.005965185718349445	0.000022219488186984373	0.09648372081426448	2.633632447286729e-6	0.001212098061768647	0.18372935036396265
3.	10.209273374003258	0.30000000000000004	0.	0.7017596306229271	0.0058718763164845415	0.00002186451062303885	0.09422107290840791	2.7320628797344324e-6	0.0011928198402035384	0.19812282357867764
3.	10.23434677838227	0.30000000000000004	0.	0.6795132628135223	0.005692763410100419	0.00002119043917826303	0.09065738226840671	2.7859718842615203e-6	0.0011561282010778132	0.22411261509690805
3.	10.25942018276128	0.30000000000000004	0.	0.6313494493447527	0.0052957708191971094	0.000019706120428399882	0.08372913317044518	2.721030250305894e-6	0.001075220847972136	0.2796032195149264
3.	10.284493587140291	0.30000000000000004	0.	0.5065670919179	0.004254299370241877	0.000015825457713597914	0.06680250674842553	2.291093947037391e-6	0.0008635408720789492	0.422357985411772
3.	10.309566991519302	0.30000000000000004	0.	0.45960657857467385	0.003864617771709569	0.00001437117252133275	0.06028796725860002	2.1778975735721385e-6	0.0007842390569042184	0.4762242873249217
3.	10.334640395898315	0.30000000000000004	0.	0.5922780749331268	0.004986235199247935	0.000018536040514903647	0.07730207487836499	2.9360727459557334e-6	0.001011585178916507	0.32541214287599945
3.	10.359713800277326	0.30000000000000004	0.	0.6298854602597677	0.005309248559078161	0.000019730447644947056	0.08182274339712947	3.2619383583524717e-6	0.0010768401289983787	0.28295955539802137
3.	10.384787204656337	0.30000000000000004	0.	0.6350454876373067	0.005359179139800277	0.00001990961818656892	0.08212663005498068	3.430919218945986e-6	0.001086689862673732	0.27744536263050673
3.	10.409860609035348	0.30000000000000004	0.	0.6281619105161249	0.005307434196758867	0.0000197111129003929	0.08089684552130677	3.536062279481489e-6	0.0010759245376201234	0.2856105625906296
3.	10.43493401341436	0.30000000000000004	0.	0.6151991532227474	0.005204103926715869	0.000019321259786207307	0.0789160612769216	3.60402692130239e-6	0.0010547115080034451	0.30065775628690755
3.	10.460007417793372	0.30000000000000004	0.	0.5980536775434667	0.005065067770191613	0.000018799173750345272	0.07643345616823247	3.64204843181194e-6	0.0010262760278967472	0.32042535729592697
3.	10.485080822172383	0.30000000000000004	0.	0.5772074442683991	0.004894288339573311	0.000018159677609202042	0.07351370687079177	3.6501091559905337e-6	0.0009914260807717826	0.34436275073447065
3.	10.510154226551395	0.30000000000000004	0.	0.5523685012509825	0.004689178371796036	0.000017393279062961278	0.07012187570032001	3.623517106137416e-6	0.0009496423222742636	0.3727994278807324
3.	10.535227630930406	0.30000000000000004	0.	0.5221688892740121	0.004437994573355265	0.00001645654435197227	0.06608684111694842	3.5499420333206193e-6	0.0008985520620650736	0.40728626854929895
3.	10.560301035309418	0.30000000000000004	0.	0.48162364759320825	0.0040981629734169476	0.000015191802115294	0.0607825045854351	3.390228822213367e-6	0.000829544172399631	0.45347710281700215
3.	10.58537443968843	0.30000000000000004	0.	0.408127730049206	0.003476809665014042	0.000012884577816803669	0.05137094689144551	2.972005557036572e-6	0.0007035997192110728	0.5370086568109605
3.	10.61044784406744	0.30000000000000004	3.4864096164115823e-9	0.3500251135549551	0.0029852806512647174	0.000011059733296364838	0.04394929575252419	2.6346586825807264e-6	0.0006039833782750599	0.6030266121628675
3.	10.635521248446452	0.30000000000000004	0.00008764085585366383	0.36209145027257694	0.0030917413595921675	0.000011450747793209786	0.04536069140908617	2.8149532371518614e-6	0.000625372355792416	0.5893542104018608
3.	10.660594652825463	0.30000000000000004	0.00043803530360706226	0.3299451859111093	0.002820482434075228	0.000010443024143092754	0.04124642870751362	2.6472457954773344e-6	0.0005703681201389393	0.6255367773737562
3.	10.685668057204474	0.30000000000000004	0.0010252423583878214	0.2848198430907462	0.0024375098212795817	9.022407115041033e-6	0.0355360897451751	2.3567241018317265e-6	0.0004928050495117469	0.6761699358531944
3.	10.710741461583487	0.30000000000000004	0.0017068529265074624	0.23390392234657267	0.0020040381824734522	7.415768492749679e-6	0.02913136018526615	1.9946295805642955e-6	0.0004050720726633744	0.733244415961107
3.	10.735814865962498	0.30000000000000004	0.0022743629285162277	0.1804001446001146	0.0015473749746736268	5.72427935794015e-6	0.022431097039566937	1.5843860111095305e-6	0.00031269433481865275	0.7933397117917595
3.	10.760888270341509	0.30000000000000004	0.002507349216129094	0.127390798770944	0.0010939181041899836	4.04562928755597e-6	0.015816346926030907	1.1515605342214512e-6	0.00022100799278146593	0.8531863897928843
3.	10.78596167472052	0.30000000000000004	0.0022570776566914435	0.0787824717498972	0.0006772707055862726	2.504035740582929e-6	0.00976818909862325	7.325537891271172e-7	0.00013679958315020312	0.9085117541996721
3.	10.811035079099533	0.30000000000000004	0.001554944676386943	0.03925028271157419	0.0003377997410210281	1.2485772754204448e-6	0.004860749724041283	3.7519862313646067e-7	0.00006821528342284305	0.953994599371078
3.	10.836108483478544	0.30000000000000004	0.0006632492437200389	0.012591721487433273	0.00010848841829648588	4.0088359882212335e-7	0.0015576834707482824	1.236714648189352e-7	0.000021903131994286866	0.9850783328247382
3.	10.861181887857555	0.30000000000000004	0.0008766687063127483	0.01291139247193683	0.00011136559040924478	4.1140127909699933e-7	0.0015957191704520093	1.3022380032812037e-7	0.000022478892098993026	0.9845043124358097
3.	10.886255292236566	0.30000000000000004	0.0032070872180323786	0.03757216635633403	0.00032443058832381415	1.198166043179029e-6	0.0046397295034352	3.8894870486782756e-7	0.00006547074333619424	0.9542549992191265
3.	10.911328696615577	0.30000000000000004	0.006635816137285237	0.0631342681048409	0.0005457531913186437	2.014990411874806e-6	0.007790881348873619	6.704779019478701e-7	0.00011010927872580853	0.9218905957493677
3.	10.936402100994588	0.30000000000000004	0.00900916822870019	0.07083232978971124	0.000612965755464711	2.2625348526313273e-6	0.008735710443539681	7.713234158612767e-7	0.00012364215163838786	0.9108067919243156
3.	10.9614755053736	0.30000000000000004	0.008458718449423499	0.055779024970698754	0.0004832225001884434	1.7831564492392913e-6	0.006875930676084257	6.225319222835455e-7	0.00009744975320095267	0.9284006977152336
3.	10.986548909752612	0.30000000000000004	0.006608332665216794	0.03701991181310084	0.00032105627374394777	1.1844249783914713e-6	0.004561806311883252	4.232715290845777e-7	0.00006473192926688801	0.9514872852395477
3.	11.011622314131623	0.30000000000000004	0.00855390866544481	0.04116503735779016	0.00035738956636067933	1.3181147350493023e-6	0.005071265850267781	4.819691520780865e-7	0.00007204163975073162	0.9448505984762494
3.	11.036695718510634	0.30000000000000004	0.017167491897311038	0.07167208999528314	0.0006229153574563481	2.296815848142848e-6	0.008828123373585378	8.589510489430031e-7	0.00012553811910331067	0.9017062236094671
3.	11.061769122889647	0.30000000000000004	0.03204523680480601	0.11707406889368398	0.0010185992445668828	3.754802650892407e-6	0.01441956503301359	1.4355998307531945e-6	0.00020523683709584457	0.8354373396214478
3.	11.086842527268658	0.30000000000000004	0.05244000320081844	0.1689596390225623	0.0014715917626080778	5.423236820812463e-6	0.020810804314918583	2.119056701738306e-6	0.00029644574073894213	0.75631041940557
3.	11.111915931647669	0.30000000000000004	0.07713766292497845	0.22071687491838737	0.0019244194455773067	7.090212187152647e-6	0.027189167361573	2.830220092739384e-6	0.0003875823760638593	0.673021954917204
3.	11.13698933602668	0.30000000000000004	0.10483143239790042	0.2680662243862905	0.002339721787222929	8.61812522576551e-6	0.03302902358999051	3.5131386209255595e-6	0.00047112421818827535	0.591721466574749
3.	11.162062740405691	0.30000000000000004	0.13436529559649188	0.3088159687395337	0.0026982234358910013	9.936109744124578e-6	0.03806135545599948	4.13494711331549e-6	0.0005431959846858639	0.5160450857152266
3.	11.187136144784702	0.30000000000000004	0.1648147724415176	0.3422416048710462	0.0029934026174047363	0.00001102032207277736	0.042197295123566	4.680296373166343e-6	0.0006024925818516348	0.4477372243280195
3.	11.212209549163715	0.30000000000000004	0.19548490449610034	0.3685065414592	0.0032264864607082005	0.000011875460814026825	0.04545688328730238	5.145339209242061e-6	0.0006492692578493434	0.3873081634966658
3.	11.237282953542726	0.30000000000000004	0.22587586282486924	0.3882406530258701	0.0034027976944942164	0.000012521287987216245	0.04791730366146533	5.532996326652625e-6	0.0006846049498186089	0.33454532850898727
3.	11.262356357921737	0.30000000000000004	0.2556413145880205	0.4022699832693244	0.003529404209639029	0.000012983963814082075	0.04967971927232286	5.849706299215022e-6	0.0007099286456906421	0.2888607449905799
3.	11.287429762300748	0.30000000000000004	0.2845503317348855	0.4114587055816239	0.003613739711042315	0.000013290966167462854	0.05084990433302851	6.103377839478023e-6	0.0007267416397752782	0.2495079242954129
3.	11.312503166679761	0.30000000000000004	0.31245633846717763	0.41662515541517053	0.0036628669753340196	0.00001346838044081038	0.051527969168407066	6.302188603470636e-6	0.0007364693422555826	0.2157078994048664
3.	11.337576571058772	0.30000000000000004	0.3392732873096669	0.4185031442657804	0.0036831350847796535	0.000013539641665083044	0.05180363800902767	6.453934421802146e-6	0.0007403924700843061	0.18671680175465855
3.	11.362649975437783	0.30000000000000004	0.3649580067384677	0.4177292438178302	0.003680063394096925	0.000013525111686240063	0.05175470733858902	6.565716740204597e-6	0.0007396238897910985	0.1618578878825897
3.	11.387723379816794	0.30000000000000004	0.3894973838148945	0.41484396184249744	0.0036583473590364696	0.000013442104636895282	0.051447203148619634	6.643827793913658e-6	0.0007351099729716292	0.14053301790252112
3.	11.412796784195805	0.30000000000000004	0.4128991614683296	0.41029963458625324	0.0036219237587834193	0.000013305130472888938	0.050936357224203886	6.693745197894639e-6	0.000727643879538359	0.12222292408675908
3.	11.437870188574816	0.30000000000000004	0.43518536622467363	0.40447096649418296	0.0035740597714087473	0.000013126225691332184	0.05026790480045054	6.720182552928836e-6	0.0007178836133332373	0.10648185630103987
3.	11.46294359295383	0.30000000000000004	0.4563873628086289	0.39766578874700964	0.0035174469201657574	0.00001291530139942166	0.04947937931511827	6.727165214881167e-6	0.0007063709476959378	0.09293037974246313
3.	11.48801699733284	0.30000000000000004	0.47654122198132937	0.3901343770546722	0.0034542906941406886	0.00001268047495871944	0.04860113775115661	6.71811429397212e-6	0.0006935491767273029	0.08124957392944837
3.	11.513090401711851	0.30000000000000004	0.4956905480402958	0.3820833741010241	0.003386385990147419	0.000012428349082193355	0.047658590621668086	6.6959220982978964e-6	0.0006797799906015888	0.07116197697568413
3.	11.538163806090862	0.30000000000000004	0.513879244941281	0.3736786048349989	0.0033151908419507916	0.000012164284220976187	0.04667196112817885	6.663033305533628e-6	0.0006653565359197648	0.06243617093606395
3.	11.563237210469875	0.30000000000000004	0.5311521385299512	0.3650537171100296	0.0032418834409623874	0.000011892609250201071	0.04565754839563791	6.621509019431965e-6	0.0006505155701537777	0.05487619840514924
3.	11.588310614848886	0.30000000000000004	0.5475540971294428	0.3563158925842871	0.003167411449171432	0.000011616803571631565	0.04462842562742883	6.5730847226207e-6	0.0006354474129526395	0.04831598332137559
3.	11.613384019227897	0.30000000000000004	0.5631294045430132	0.3475505967645547	0.0030925330744071933	0.000011339648741975244	0.04359502052338992	6.519220151737939e-6	0.0006203042326370261	0.042614586225741276
3.	11.638457423606908	0.30000000000000004	0.5779213174891886	0.3388255092124837	0.0030178511021878053	0.000011063354058470663	0.04256559498834823	6.461141861165804e-6	0.0006052069098539413	0.03765220271187196
3.	11.66353082798592	0.30000000000000004	0.5919717585488297	0.3301937644085119	0.002943840995103294	0.00001078966021879349	0.04154664053867303	6.39987935065044e-6	0.000590250703238058	0.03332680596931266
3.	11.68860423236493	0.30000000000000004	0.6053211095176466	0.32169661867454097	0.002870874045627312	0.000010519924705700163	0.040543203451489936	6.336295630712452e-6	0.0005755099164715703	0.029551338090358766
3.	11.713677636743943	0.30000000000000004	0.6180080795551459	0.31336564214926127	0.0027992364301716536	0.000010255192033632285	0.039559151752661295	6.271113034084156e-6	0.0005610417381207378	0.026251363807692142
3.	11.738751041122955	0.30000000000000004	0.6300696290784253	0.305224519153552	0.0027291448794484114	9.996251502047536e-6	0.03859739455090037	6.2049349921594704e-6	0.0005468893987372501	0.023363111151179686
3.	11.763824445501966	0.30000000000000004	0.6415409355697914	0.29729052658181615	0.002660759563647975	9.743684668213786e-6	0.03766006183751317	6.138264405617046e-6	0.0005330847661186626	0.02083183449815746
3.	11.788897849880977	0.30000000000000004	0.6524553904927439	0.28957574769147676	0.0025941946861316573	9.497904364162061e-6	0.03674865218563471	6.071519143404296e-6	0.0005196504784266187	0.018610445520505392
3.	11.81397125425999	0.30000000000000004	0.6628446194816744	0.282088068721388	0.0025295271943438485	9.25918676784986e-6	0.03586415382067084	6.005045128493464e-6	0.0005066016976746092	0.0166583665500266
3.	11.839044658639	0.30000000000000004	0.6727385194587395	0.2748319971047496	0.002466803942294795	9.02769776357827e-6	0.03500714413135112	5.939127392401838e-6	0.0004939475510729982	0.014940568537708969
3.	11.864118063018012	0.30000000000000004	0.6821653082047088	0.2678093332486602	0.0024060475807209077	8.80351461124151e-6	0.03417787114887008	5.873999424331746e-6	0.00048169231594813477	0.013426762303004498
3.	11.889191467397023	0.30000000000000004	0.6911515824527318	0.2610197218617146	0.0023472613994502474	8.586643753374132e-6	0.03337632058096325	5.809851082993251e-6	0.0004698363935374693	0.012090717210303734
3.	11.914264871776034	0.30000000000000004	0.6997223819477384	0.2544611043305544	0.0022904333080307517	8.37703544670094e-6	0.032602270609663926	5.746835300789231e-6	0.00045837710919031347	0.010909685933265037
3.	11.939338276155045	0.30000000000000004	0.7079012570126296	0.24813008956906368	0.002235539105478513	8.174595774898301e-6	0.03185533696955787	5.685073768002328e-6	0.0004473093694002298	0.009863917673727393
3.	11.964411680534058	0.30000000000000004	0.7157103381560822	0.24202225781098158	0.002182545164614375	7.979196505421697e-6	0.031135009718133322	5.624661758064595e-6	0.00043662620096704017	0.008936245291925025
3.	11.989485084913069	0.30000000000000004	0.7231704062027003	0.23613240907369837	0.0021314106327244096	7.790683165654889e-6	0.030440683430699514	5.565672225869303e-6	0.00042631919279914284	0.008111734304785848
3.	12.01455848929208	0.30000000000000004	0.7303009635294492	0.23045476650527744	0.0020820892374160036	7.608881665938468e-6	0.029771681795682063	5.508159302994131e-6	0.0004163788582617226	0.007377381891206378
3.	12.03963189367109	0.30000000000000004	0.7371203059113846	0.22498314256957558	0.0020345307668483705	7.433603724491316e-6	0.029127277833124434	5.452161284293549e-6	0.0004067949320107322	0.006721857154058278
3.	12.064705298050104	0.30000000000000004	0.7436455791846925	0.21971107004410498	0.0019886822399468947	7.264651153089488e-6	0.028506709698015567	5.3977030732861096e-6	0.0003975566045216098	0.00613529647901365
3.	12.089778702429115	0.30000000000000004	0.74989284893405	0.2146319123485308	0.0019444888960040338	7.101819477832895e-6	0.027909194100217666	5.34479836924659e-6	0.0003886527202598134	0.005609109103350468
3.	12.114852106808126	0.30000000000000004	0.7558771636165277	0.20973895128504763	0.0019018949850073106	6.944900827887953e-6	0.027333936950648504	5.293451502907617e-6	0.0003800719358134545	0.005135814810438077
3.	12.139925511187137	0.30000000000000004	0.7616126143392267	0.20502545710156336	0.001860844401909462	6.7936862510678084e-6	0.026780141859602365	5.243658995566911e-6	0.0003718028466753519	0.004708904952451517
3.	12.164998915566148	0.30000000000000004	0.7671123919201387	0.20048474417851575	0.0018212811937670973	6.6479675626837025e-6	0.026247016879532077	5.19541088747283e-6	0.0003638340884942458	0.004322722449596229
3.	12.190072319945159	0.30000000000000004	0.7723888411286984	0.1961102148576394	0.0017831499617873578	6.507538808783686e-6	0.025733779867515433	5.148691869412613e-6	0.0003561544172304947	0.0039723579536811715
3.	12.215145724324172	0.30000000000000004	0.7774535121893668	0.19189539353352517	0.0017463961768789324	6.372197412191291e-6	0.025239662600239937	5.103482246743587e-6	0.00034875277195724034	0.003653559820330266
3.	12.240219128703183	0.30000000000000004	0.7823172094738092	0.18783395271779652	0.0017109664237059598	6.241745056514359e-6	0.024763913979857284	5.0597587597702065e-6	0.00034161832332398246	0.0033626559010147238
3.	12.265292533082194	0.30000000000000004	0.7869900375287548	0.18391973253984956	0.0016768085861192117	6.115988355452633e-6	0.024305802396876113	5.0174952819094e-6	0.00033474051027092657	0.0030964854647629082
3.	12.290365937461205	0.30000000000000004	0.7914814444510319	0.18014675486183374	0.0016438719843268493	5.994739345491906e-6	0.023864617472406955	4.976663412973085e-6	0.0003281090670771753	0.002852339827642124
3.	12.315439341840218	0.30000000000000004	0.7958002627261141	0.1765092330051098	0.0016121074725994394	5.877815834293302e-6	0.02343967126397887	4.937232982778851e-6	0.0003217140425099082	0.002627910483380687
3.	12.340512746219229	0.30000000000000004	0.7999547476443849	0.17300157791243082	0.0015814675047903116	5.765041631514897e-6	0.023030299024813426	4.899172478197273e-6	0.00031554581253705807	0.0024212436994708215
3.	12.36558615059824	0.30000000000000004	0.8039526133761323	0.16961840142079423	0.00155190617364216	5.656246683983858e-6	0.02263585963388333	4.862449404336694e-6	0.00030959508780249056	0.0022307006994596347
3.	12.390659554977251	0.30000000000000004	0.8078010668390116	0.1663545172146049	0.0015233792289319962	5.5512671337533915e-6	0.02225573572689086	4.827030589547956e-6	0.0003038529168776541	0.0020549226928372917
3.	12.415732959356262	0.30000000000000004	0.8115068394523036	0.16320493992263407	0.0014958440785718331	5.4499453141434424e-6	0.021889333625365492	4.792882442096535e-6	0.00029831068611581096	0.0018928000933687364
3.	12.440806363735273	0.30000000000000004	0.8150762169234083	0.16016488275244023	0.0014692597761730116	5.3521296966198444e-6	0.02153608305415902	4.759971165742532e-6	0.00029296011681223386	0.001743445392957118
3.	12.465879768114286	0.30000000000000004	0.8185150671321308	0.15722975397251887	0.0014435869978425427	5.257674798653004e-6	0.02119543675785066	4.728262939688137e-6	0.0002877932602253173	0.0016061692019187258
3.	12.490953172493297	0.30000000000000004	0.8218288662657453	0.15439515251511604	0.001418788010657356	5.166441061507033e-6	0.020866869981684355	4.697724068379533e-6	0.00028280249094849114	0.0014804590616670985
3.	12.516026576872308	0.30000000000000004	0.8250227232843441	0.15165686291160993	0.0013948266347189636	5.0782947049182815e-6	0.020549879884753538	4.668321105316123e-6	0.0002779804990138422	0.0013659606687632213
3.	12.54109998125132	0.30000000000000004	0.8281014028311507	0.14901084974151108	0.001371668200420933	4.993107564628378e-6	0.02024398488684385	4.6400209547233425e-6	0.00027332028105399737	0.0012624612115540515
3.	12.566173385630332	0.30000000000000004	0.8310693466750821	0.14645325173930793	0.0013492795022340793	4.9107569175361184e-6	0.019948723978575257	4.612790954163126e-6	0.00026881513078313003	0.0011698745569289036
3.	12.591246790009343	0.30000000000000004	0.8339306937869316	0.1439803756799981	0.0013276287501079315	4.831125298474766e-6	0.019663656003967446	4.586598941009238e-6	0.00026445862901649473	0.0010882280547553878
3.	12.616320194388354	0.30000000000000004	0.8366892991390549	0.14158869014032208	0.0013066855193749416	4.754100311843845e-6	0.019388358919002136	4.56141330508607e-6	0.00026024463340535407	0.0010176507686290477
3.	12.641393598767365	0.30000000000000004	0.8393487512984298	0.13927481921150256	0.0012864206998540878	4.6795744406296035e-6	0.01912242905783263	4.5372030295409765e-6	0.0002561672680261446	0.000958362954910752
3.	12.931083530086722	0.30000000000000004	0.8637976318072332	0.117241024225369	0.0010933305337277829	3.969660731218353e-6	0.01661625954845164	4.318833205821754e-6	0.0002173218792895823	0.0012434653912812947
3.	13.220773461406079	0.30000000000000004	0.8800211670626357	0.10166651975367125	0.000956885342138101	3.4681399282065277e-6	0.01489286417432026	4.193840025227596e-6	0.0001898711327298981	0.0024549016872812916
3.	13.510463392725436	0.30000000000000004	0.892889698502036	0.09053447507106861	0.0008597492575288311	3.1109602293267633e-6	0.01371872687649733	4.148022371621131e-6	0.0001703136330247066	0.0019900913102682515
3.	13.800153324044793	0.30000000000000004	0.9030580662068799	0.08231906453468849	0.0007884931282219412	2.8487421230631463e-6	0.012909450693872416	4.1598281797374805e-6	0.0001559498264875428	0.0009179168660344711
3.	14.08984325536415	0.30000000000000004	0.9103912582812379	0.07604450449078877	0.0007344746767717503	2.6497642888437796e-6	0.012344536062003296	4.212677407804452e-6	0.00014504464553271841	0.00047836404750163306
3.	14.379533186683506	0.30000000000000004	0.9157805852851669	0.07117524279307806	0.0006929931966831337	2.4967416422985023e-6	0.011960244157617062	4.299682956996649e-6	0.0001366526740113163	0.00038413814285552517
3.	14.669223118002863	0.30000000000000004	0.9199489390859807	0.0673541724280867	0.000660910118540057	2.3781380551379345e-6	0.011714351052073205	4.416366066667895e-6	0.00013014284608591208	0.00031483281119749733
3.	14.95891304932222	0.30000000000000004	0.9231965678609312	0.0643158720365869	0.0006358755438069743	2.2853342753099487e-6	0.011574437051080244	4.558476179849629e-6	0.00012504336872662362	0.0002704036971395377
3.	15.248602980641577	0.30000000000000004	0.925743939343337	0.0618726760845196	0.0006162163699834213	2.212198601053166e-6	0.011517475577996882	4.722806953238216e-6	0.00012101877695160367	0.00024275761860881664
3.	15.538292911960934	0.30000000000000004	0.9277593952983834	0.059889179803105104	0.0006007145153153634	2.1542705977616095e-6	0.01152681491481267	4.906878915167825e-6	0.00011782525656852198	0.00021683431887057486
3.	15.82798284328029	0.30000000000000004	0.9293560275251883	0.05826463542260449	0.0005884643232820361	2.108236680729311e-6	0.011589787521171614	5.108711827967774e-6	0.00011528151314136002	0.00019386825924485283
3.	16.117672774599647	0.30000000000000004	0.9306180457251731	0.05692343843521516	0.0005787835428577608	2.0716025207502667e-6	0.011696736799995127	5.3267145298890355e-6	0.00011325107542987299	0.0001755971797081663
3.	16.407362705919002	0.30000000000000004	0.9316143495031141	0.05580835052834763	0.0005711541198798001	2.042475168138853e-6	0.011840244876548323	5.559620566278988e-6	0.00011163037639167798	0.00015829887637577346
3.	16.69705263723836	0.30000000000000004	0.9323878272194428	0.05487462126208731	0.0005651737235232389	2.0193855505412083e-6	0.01201426282546853	5.806369619862142e-6	0.00011033888579244258	0.00015028921430772224
3.	16.986742568557716	0.30000000000000004	0.9329819075606582	0.05408802118345011	0.0005605270092439467	2.001182913558199e-6	0.012214232977985098	6.066075257938327e-6	0.00010931377022710248	0.00014724401049111095
3.	17.276432499877075	0.30000000000000004	0.9334324233063422	0.05342169608101665	0.0005569658411525324	1.9869621283777805e-6	0.012436514095719109	6.3380016653072745e-6	0.00010850561703708494	0.0001440757119757878
3.	17.56612243119643	0.30000000000000004	0.933765745766574	0.05285419193895751	0.0005542929002770213	1.9760036841038632e-6	0.012678090830770542	6.621529078216615e-6	0.00010787510107216914	0.0001390810306585947
3.	17.85581236251579	0.30000000000000004	0.9340010059801985	0.052368232909083184	0.0005523487779591512	1.967726559343042e-6	0.012936463529230155	6.916117408885938e-6	0.00010739047299585569	0.00013306495956075422
3.	18.145502293835143	0.30000000000000004	0.9341537868763801	0.05194991342464345	0.0005510049464573683	1.961662357406398e-6	0.01320956656002574	7.221307302667987e-6	0.00010702614300312668	0.0001265452228332957
3.	18.435192225154502	0.30000000000000004	0.9342323960219631	0.051587704818383824	0.0005501582405165043	1.9574350252728085e-6	0.013495533323301888	7.53671944472006e-6	0.00010676144657437483	0.000124713441364728
3.	18.724882156473857	0.30000000000000004	0.9342521610117305	0.05127271804594206	0.0005497226209274949	1.9547310642450616e-6	0.013793072653694732	7.86200934115598e-6	0.0001065793973888186	0.00012250892729984142
3.	19.014572087793216	0.30000000000000004	0.9342207907254261	0.05099738572657135	0.0005496269768356687	1.953291366677237e-6	0.014100976459149707	8.196870682999507e-6	0.0001064658826778422	0.00012106994996752274
3.	19.30426201911257	0.30000000000000004	0.9341460544266306	0.05075555250706161	0.0005498138760391076	1.952906490691772e-6	0.014418235577118944	8.541056240550486e-6	0.00010640949028179469	0.0001198496504185298
3.	19.59395195043193	0.30000000000000004	0.9340351421884444	0.05054216684731581	0.000550236316219786	1.953404888092879e-6	0.014744002458395472	8.894362299542589e-6	0.00010640087649106388	0.0001176044224368844
3.	19.883641881751284	0.30000000000000004	0.9338920952427121	0.05035292507760303	0.0005508545589833002	1.9546414900109816e-6	0.015077512257568112	9.256603400282433e-6	0.00010643213163431505	0.00011540161824316088
3.	20.17333181307064	0.30000000000000004	0.9337176775700206	0.0501840898328178	0.0005516357298488457	1.956496156405965e-6	0.015418018911934043	9.627194850577436e-6	0.00010649665054153045	0.00011699426437177321
3.	20.463021744389998	0.30000000000000004	0.9335209330840271	0.05003300543278507	0.0005525529290449507	1.9588704110028227e-6	0.01576512794623942	0.000010006014685920552	0.00010658916870568986	0.00011641572280657667
3.	20.752711675709357	0.30000000000000004	0.9333038062876602	0.04989712547655335	0.0005535822996148241	1.961676959275963e-6	0.016118356417035306	0.000010393169851376955	0.00010670495193844962	0.00011477467232567928
3.	21.04240160702871	0.30000000000000004	0.9330674921594307	0.04977427952386908	0.0005547035745515533	1.9648415661659647e-6	0.01647727900482834	0.000010788525334161432	0.0001068399764202592	0.00011349237041995142
3.	21.332091538348067	0.30000000000000004	0.9328148381671818	0.04966272953504943	0.0005559008265281362	1.9683056533665454e-6	0.016841556446155884	0.000011191983967757796	0.00010699107030563002	0.0001118147354636223
3.	21.621781469667425	0.30000000000000004	0.9325468934530684	0.049560924269674275	0.0005571605139732693	1.972019327701132e-6	0.017210818859644584	0.000011603458452218846	0.00010715551122036639	0.00011062742585954757
3.	21.911471400986784	0.30000000000000004	0.9322634695734748	0.04946748587788017	0.0005584705787632353	1.9759381516056087e-6	0.017584758052839003	0.000012022859452627886	0.00010733087685442128	0.00011181711943852174
3.	22.20116133230614	0.30000000000000004	0.9319681522315134	0.04938144601481924	0.0005598210502824268	1.980025252178256e-6	0.017963222173365784	0.000012450114688822337	0.00010751522409912747	0.00011292839007813818
3.	22.490851263625494	0.30000000000000004	0.9316630663480402	0.049301919580202205	0.0005612040322079864	1.9842512463221793e-6	0.018346033590659772	0.000012885172429991703	0.00010770697399795132	0.00011290702521352808
3.	22.780541194944853	0.30000000000000004	0.9313487698028629	0.04922807909221547	0.0005626120979963927	1.9885885444135815e-6	0.018733015127320524	0.000013327971131169998	0.00010790464355056294	0.00011220731992917649
3.	23.07023112626421	0.30000000000000004	0.9310255827108292	0.04915920340206622	0.0005640388706983317	1.9930133854069324e-6	0.01912401095580039	0.000013778454625237847	0.0001081069561880968	0.0001113925925951692
3.	23.359921057583566	0.30000000000000004	0.9306938159173069	0.04909466813806744	0.0005654797442689425	1.9975083694273172e-6	0.019518773546909316	0.00001423659292629115	0.00010831295476461549	0.00011102855215164645
3.	23.64961098890292	0.30000000000000004	0.9303541014277036	0.049033955807074384	0.0005669301633595539	2.0020563655288423e-6	0.01991718654693558	0.000014702345174145516	0.00010852172742410306	0.00011112165338722502
3.	23.93930092022228	0.30000000000000004	0.930007323945739	0.04897663767060853	0.0005683858261240215	2.0066412203672638e-6	0.02031917041504814	0.000015175664564572407	0.0001087324342073223	0.00011129983669532981
3.	24.22899085154164	0.30000000000000004	0.9296538158313519	0.048922314987653114	0.0005698433697028702	2.011250169987966e-6	0.020724619004071423	0.000015656516720057916	0.00010894439711261737	0.00011173904033067242
3.	24.518680782860994	0.30000000000000004	0.9292948049893109	0.04887068915932717	0.0005713005279794611	2.0158743864503578e-6	0.021133458343575988	0.00001614488796195501	0.00010915714988913188	0.00011158621745803107
3.	24.80837071418035	0.30000000000000004	0.9289304364482177	0.048821450045327966	0.0005727548452854259	2.020504430410799e-6	0.021545603546791903	0.000016640751994814593	0.00010937019165680035	0.0001110938579517648
3.	25.098060645499707	0.30000000000000004	0.9285595232190843	0.048774253307781054	0.0005742042292162299	2.0251321974244614e-6	0.0219609498084513	0.00001714408479778479	0.00010958306804371603	0.00011190021847190187
3.	25.387750576819066	0.30000000000000004	0.9281839978576674	0.048728958476738304	0.0005756474302118308	2.0297526035823535e-6	0.022379451819126282	0.000017654882446044945	0.00010979553169542558	0.00011225978120659244
3.	25.67744050813842	0.30000000000000004	0.9278042865142763	0.04868537403407115	0.0005770827873591805	2.0343591573631945e-6	0.022801062517330502	0.000018173123537590236	0.00011000725112817878	0.00011198666426795109
3.	25.967130439457776	0.30000000000000004	0.9274199797896882	0.04864328869927227	0.0005785086456015412	2.03894542868377e-6	0.023225711602477953	0.00001869878081408299	0.0001102178888482755	0.000111773536717312
3.	26.256820370777135	0.30000000000000004	0.9270312779839882	0.04860254508093468	0.0005799239597604409	2.0435071744701088e-6	0.023653348754415975	0.000019231841289022316	0.000110427224415959	0.00011162887243720138
3.	26.54651030209649	0.30000000000000004	0.9266388530154888	0.04856302951262752	0.0005813281847090035	2.0480419469630206e-6	0.024083954056866592	0.00001977230495925118	0.0001106351331728001	0.00011101488340191021
3.	26.836200233415845	0.30000000000000004	0.9262412912065392	0.04852453243798853	0.0005827203959983232	2.0525459922807196e-6	0.024517409140076035	0.000020320155547129097	0.0001108413956080037	0.00011167411785850331
3.	27.125890164735203	0.30000000000000004	0.9258397506768676	0.04848700032720787	0.0005840998357996118	2.0570161723490476e-6	0.02495372040330472	0.000020875380364640323	0.0001110458737642066	0.00011249636028317495
3.	27.415580096054562	0.30000000000000004	0.9254349962497188	0.0484503687606138	0.0005854663209334893	2.061451399153223e-6	0.02539287151888563	0.000021437983942384494	0.00011124851831682569	0.00011279771450673284
3.	27.705270027373917	0.30000000000000004	0.9250270233603196	0.048414543974263445	0.0005868193365920228	2.0658494407464664e-6	0.025834827865727345	0.00002200795708344303	0.00011144921618087822	0.00011271165657338739
3.	27.994959958693272	0.30000000000000004	0.9246155995845003	0.04837943003523607	0.0005881583300493841	2.0702079545775993e-6	0.026279557340947547	0.000022585286673366413	0.00011164784733616746	0.00011259921463870753
3.	28.28464989001263	0.30000000000000004	0.9242008683140294	0.04834495882811448	0.0005894831877450557	2.0745261651320556e-6	0.026727029149494475	0.0000231699741262077	0.00011184437212334528	0.00011241602032528025
3.	28.57433982133199	0.30000000000000004	0.9237824827178188	0.04831104304019246	0.0005907938417490933	2.078803476633335e-6	0.02717717908158592	0.00002376202136713656	0.00011203875134336757	0.00011266049380993445
3.	28.864029752651344	0.30000000000000004	0.9233609283357066	0.04827764965593056	0.0005920898399518284	2.083037959631905e-6	0.02763001668916545	0.000024361414495303253	0.00011223090310243261	0.00011287102679062924
3.	29.153719683970703	0.30000000000000004	0.922936038885587	0.04824471540573478	0.0005933708813798049	2.0872282339702707e-6	0.028085513847979745	0.00002496814318510134	0.00011242075909369654	0.00011330560789964486
3.	29.443409615290058	0.30000000000000004	0.9225083467775563	0.048212218782339826	0.0005946371739000872	2.0913747253982238e-6	0.028543670194308576	0.00002558221719815729	0.00011260834748495901	0.00011345347997162442
3.	29.733099546609417	0.30000000000000004	0.9220778459584853	0.04818011477216628	0.0005958886344869166	2.0954768510221305e-6	0.029004462943191648	0.000026203633618151158	0.00011279364130663515	0.00011338858120068726
3.	30.02278947792877	0.30000000000000004	0.9216441253361937	0.04814834059717253	0.0005971251501332456	2.0995339365743826e-6	0.029467846559197722	0.000026832412776498197	0.0001129766024139464	0.00011363041058976703
3.	30.31247940924813	0.30000000000000004	0.9212073663594393	0.04811686855030432	0.0005983469313112557	2.1035464583001834e-6	0.0299338020007618	0.000027468846849513534	0.00011315725695545194	0.00011404376487546969
3.	30.602169340567485	0.30000000000000004	0.9207681393723908	0.04808569638893956	0.0005995540157633123	2.1075142972123666e-6	0.03040234576357167	0.000028112641041209218	0.00011333561228193878	0.00011404430399626977
3.	30.891859271886844	0.30000000000000004	0.9203261309439587	0.048054777442875354	0.0006007461995660082	2.1114364965229015e-6	0.030873459105434035	0.000028763782330514937	0.00011351162114426216	0.00011401108933891194
3.	31.1815492032062	0.30000000000000004	0.9198812089227435	0.04802407714687895	0.0006019234269894897	2.115312631588723e-6	0.03134711746028442	0.000029422263334280123	0.0001136852643264976	0.00011413546713776729
3.	31.471239134525554	0.30000000000000004	0.9194337987904464	0.04799359240493964	0.0006030860359990506	2.1191436716187926e-6	0.031823320637581365	0.00003008809528639256	0.00011385659692799162	0.00011399489207553071
3.	31.760929065844913	0.30000000000000004	0.9189834336870553	0.04796327475749927	0.0006042340328469676	2.1229294296269183e-6	0.03230202758776066	0.00003076127289370406	0.00011402560462292392	0.00011414573251451038
3.	32.050618997164264	0.30000000000000004	0.918530070880716	0.04793310111820193	0.0006053673907932101	2.1266696120141677e-6	0.03278322999354263	0.00003144178871252145	0.00011419227672208625	0.00011466215842165922
3.	32.34030892848362	0.30000000000000004	0.9180742578940695	0.04790308137886957	0.000606486374794803	2.130364958650132e-6	0.03326694492453291	0.0000321296499834187	0.00011435666102441591	0.00011496941279116185
3.	32.62999885980298	0.30000000000000004	0.91761606840486	0.04787320161449568	0.0006075911164558742	2.1340157489667943e-6	0.03375316352682783	0.000032824856928467445	0.00011451877541394213	0.0001150164646831972
3.	32.91968879112234	0.30000000000000004	0.9171553210253439	0.04784343598613269	0.0006086815964709191	2.1376217401349346e-6	0.03424186993611006	0.00003352740125636453	0.00011467860926893584	0.00011502643294590553
3.	33.2093787224417	0.30000000000000004	0.9166920085625608	0.047813769004462936	0.0006097579268138895	2.141183157850333e-6	0.03473305558066931	0.000034237281216217424	0.0001148361766614737	0.00011503046111896453
3.	33.49906865376106	0.30000000000000004	0.916226046780882	0.04778418135196799	0.0006108204279795198	2.1447009669233293e-6	0.03522669688516371	0.000034954506480061366	0.00011499152369749012	0.00011515534655975185
3.	33.78875858508041	0.30000000000000004	0.9157575233262749	0.04775466553878261	0.0006118690787192206	2.148174938680441e-6	0.03572279739185357	0.00003567906791010463	0.00011514464580517834	0.00011531742152089824
3.	34.07844851639977	0.30000000000000004	0.915286350941919	0.047725205469144424	0.00061290386099774	2.151604862189096e-6	0.03622135102609323	0.00003641095564451319	0.0001152955358332868	0.00011562614133888566
3.	34.36813844771912	0.30000000000000004	0.9148127798557419	0.047695803252729235	0.0006139250567794182	2.1549915857022365e-6	0.03672236242515655	0.00003715017711596898	0.00011544424118699877	0.00011582424089118942
3.	34.65782837903848	0.30000000000000004	0.9143368609691297	0.04766645137655886	0.0006149328262674063	2.158335535553927e-6	0.03722583029652082	0.000037896732793387755	0.00011559078626767564	0.00011586946319427222
3.	34.947518310357836	0.30000000000000004	0.9138584815101075	0.04763713449100189	0.0006159272319357594	2.1616368004237603e-6	0.03773174295124767	0.00003865061703157562	0.00011573517696786591	0.00011590156187517298
3.	35.237208241677195	0.30000000000000004	0.9133773548916087	0.0476078279157916	0.0006169084673843173	2.164895934336959e-6	0.03824006936217217	0.000039411831907642755	0.00011587743682886974	0.00011626263520127939
3.	35.52689817299655	0.30000000000000004	0.9128940366215376	0.04757855348132897	0.0006178767723811042	2.168113658107738e-6	0.038750844204301846	0.00004018038325053068	0.00011601761333107511	0.00011634042354187468
3.	35.81658810431591	0.30000000000000004	0.9124083345327642	0.04754929364555293	0.0006188321340270248	2.1712898105255644e-6	0.03926405888764145	0.00004095626035394918	0.00011615569937624496	0.0001163532498499667
3.	36.10627803563526	0.30000000000000004	0.9119200816448483	0.04752003267187893	0.0006197745628237517	2.174424317054077e-6	0.03977970297863951	0.00004173945337275539	0.00011629169222652274	0.00011649426411972086
3.	36.39596796695462	0.30000000000000004	0.9114295130988476	0.04749077622750121	0.0006207043491250355	2.177518089249569e-6	0.04029778497932361	0.000042529971031927553	0.00011642564159857399	0.00011651385608139886
3.	36.68565789827397	0.30000000000000004	0.9109365435210635	0.04746151351604264	0.0006216216177879229	2.180571461958871e-6	0.04081829749194676	0.00004332781119300753	0.00011655756476787898	0.00011651547050425815
3.	36.97534782959333	0.30000000000000004	0.9104408853896825	0.0474322233572082	0.0006225264227958881	2.1835845252600965e-6	0.04134122020430883	0.000044132966585559886	0.0001166874639035985	0.00011682807489377806
3.	37.26503776091269	0.30000000000000004	0.9099428540162194	0.047402917470312736	0.0006234189310341729	2.186557768943768e-6	0.04186657712571359	0.000044945438041242904	0.00011681537098619042	0.00011710046090988163
3.	37.55472769223205	0.30000000000000004	0.9094425897516839	0.047373598170941854	0.0006242993559456618	2.1894918495266956e-6	0.042394376474349627	0.000045765229822713696	0.00011694132206461698	0.00011718152540671212
3.	37.84441762355141	0.30000000000000004	0.9089399625975594	0.04734425398343395	0.0006251677306908081	2.1923867945407722e-6	0.04292461491390422	0.00004659233318991364	0.00011706531934494204	0.0001172160544271883
3.	38.134107554870766	0.30000000000000004	0.9084348850165335	0.04731487591482976	0.0006260241216537485	2.1952427512906457e-6	0.043457290568764705	0.00004742674148741501	0.00011718737121342609	0.00011730239397961945
3.	38.42379748619012	0.30000000000000004	0.9079274540228561	0.047285464560052615	0.0006268688001287938	2.1980605886730066e-6	0.043992405314219864	0.000048268463491692325	0.0001173075222719172	0.00011734077866223241
3.	38.71348741750948	0.30000000000000004	0.907417551468769	0.04725600976745316	0.0006277018315646065	2.200840456622466e-6	0.04452995534303473	0.00004911749270850774	0.00011742578027562118	0.00011746325601336843
3.	39.00317734882883	0.30000000000000004	0.9069051772497055	0.047226508266649404	0.0006285232257614484	2.2035823128050296e-6	0.04506995275547038	0.000049973818139025396	0.00011754214650792578	0.00011766110196139573
3.	39.29286728014819	0.30000000000000004	0.9063904031084369	0.04719696035945148	0.0006293331439073407	2.206286648372108e-6	0.04561240615720684	0.00005083744038957747	0.00011765664774759303	0.0001178535039595141
3.	39.582557211467545	0.30000000000000004	0.905873329104245	0.047167368001793365	0.0006301317706911035	2.208954039368453e-6	0.04615732662527057	0.00005170836225737757	0.00011776931510001383	0.00011792718170321181
3.	39.872247142786904	0.30000000000000004	0.9053538685124941	0.047137723590614015	0.0006309191644254186	2.21158462123201e-6	0.04670471661632144	0.0000525865764068108	0.00011788015598848082	0.00011797395511697201
3.	40.16193707410626	0.30000000000000004	0.9048318628237857	0.047108015608038026	0.0006316954269778704	2.214178684452075e-6	0.04725456870344516	0.00005347217128601981	0.00011798918337974308	0.00011817108778278129
3.	40.451627005425614	0.30000000000000004	0.9043075295797244	0.04707825279388756	0.0006324607797485278	2.2167369407223985e-6	0.04780690475853852	0.000054365137647798784	0.00011809643660446027	0.00011827021351248912
3.	40.74131693674497	0.30000000000000004	0.9037808363855008	0.04704843109248434	0.0006332152493994877	2.21925942129354e-6	0.0483617365381445	0.00005526539306472715	0.00011820191921799116	0.00011829608198488106
3.	41.031006868064324	0.30000000000000004	0.9032516408241982	0.04701854065317192	0.0006339588400527106	2.2217460805491833e-6	0.04891906712996336	0.000056172924355288584	0.00011830562907186377	0.00011839788217799657
3.	41.32069679938368	0.30000000000000004	0.9027200277451168	0.046988583571312414	0.0006346917174123622	2.224197441172297e-6	0.04947891153818827	0.00005708773232499096	0.00011840759413714442	0.0001184734982039512
3.	41.61038673070304	0.30000000000000004	0.9021860412821706	0.046958559928946056	0.0006354140213243079	2.226613937086532e-6	0.05004128358367498	0.000058009815744204166	0.00011850783750205072	0.00011846475420274061
3.	41.9000766620224	0.30000000000000004	0.9016494469518698	0.04692845504079401	0.0006361257984370387	2.228995677447136e-6	0.05060617492494252	0.000058939164823889806	0.00011860636202259853	0.00011862912345531745
3.	42.18976659334176	0.30000000000000004	0.9011103366931011	0.046898272033682624	0.0006368271261365789	2.231342880898105e-6	0.05117361033539173	0.000059875772617926294	0.0001187031818439372	0.00011884669618909827
3.	42.47945652466112	0.30000000000000004	0.9005688640306623	0.04686801710770451	0.0006375181875330132	2.2336561382024813e-6	0.051743614618379966	0.00006081964207413667	0.00011879832910968239	0.00011893275750789883
3.	42.76914645598047	0.30000000000000004	0.9000249435509384	0.04683768403959303	0.0006381990176923036	2.235935523008038e-6	0.052316198704531316	0.00006177076226291165	0.00011889180780355382	0.00011896798945900539
3.	43.05883638729983	0.30000000000000004	0.8994784741794536	0.04680726586683712	0.0006388696420267452	2.2381810767364778e-6	0.052891373219422146	0.00006272912097144672	0.00011898362008323919	0.00011904979021221812
3.	43.34852631861918	0.30000000000000004	0.8989295436974375	0.04677676550463183	0.0006395302273521256	2.2403933377095405e-6	0.05346915966982438	0.00006369471967640861	0.0001190737942511977	0.00011906578774005527
3.	43.63821624993854	0.30000000000000004	0.89837801513328	0.046746173942876425	0.0006401808650305974	2.2425725813212066e-6	0.054049560783830365	0.00006466755254197806	0.00011916234223895512	0.00011915914985934084
3.	43.927906181257896	0.30000000000000004	0.8978239091886957	0.04671549115890584	0.0006408215586300706	2.24471877681471e-6	0.05463260525779003	0.00006564760500523703	0.0001192492651524229	0.00011928051219630559
3.	44.217596112577255	0.30000000000000004	0.897267197400165	0.04668471428931742	0.0006414523728620506	2.2468321089838777e-6	0.05521831198737363	0.00006663486824144383	0.00011933457284086935	0.00011944224993144098
3.	44.50728604389661	0.30000000000000004	0.8967079765535622	0.046653847040814427	0.0006420734634897215	2.248913082830292e-6	0.05580670874453143	0.00006762934287946108	0.00011941829205668598	0.00011951594163997492
3.	44.796975975215965	0.30000000000000004	0.8961461765114396	0.046622884485006275	0.0006426848684586076	2.250961791897235e-6	0.05639781408520409	0.00006863101736730646	0.00011950042759640097	0.00011955807073224523
3.	45.08666590653532	0.30000000000000004	0.8955863301484466	0.04659206112612265	0.0006432899563271441	2.252989995723416e-6	0.05698676478088185	0.00006964024040517837	0.00011958160272664119	0.00011966075782088303
3.	45.37635583785468	0.30000000000000004	0.8950352562400851	0.04656173035021321	0.0006438937749303871	2.255015334250437e-6	0.057566443280007686	0.00007065756437296352	0.00011966275177024555	0.0001197637750564376
3.	45.66604576917404	0.30000000000000004	0.8944824614320527	0.046531345361326644	0.0006444888141352216	2.257011467635352e-6	0.0581479700769362	0.00007168217483360736	0.00011974247803236446	0.00011979512924800706
3.	45.95573570049339	0.30000000000000004	0.8939278606915646	0.04650090068063701	0.0006450750926289037	2.2589784263386656e-6	0.058731333898109986	0.00007271406092106684	0.00011982078296597848	0.00011985659771208967
3.	46.24542563181275	0.30000000000000004	0.8933714615660493	0.04647039568203812	0.0006456526967861952	2.260916478906663e-6	0.0593165291317954	0.000073753219173427	0.00011989768057547119	0.00011994678767866113
3.	46.53511556313211	0.30000000000000004	0.8928133606896513	0.04643983440739774	0.000646221778621144	2.262826124716724e-6	0.05990355590690244	0.00007479965381165426	0.00011997319702076174	0.00011996473749097125
3.	46.82480549445147	0.30000000000000004	0.8922534612477365	0.04640921074356183	0.0006467823869524943	2.264707502726099e-6	0.060492397719901135	0.00007585335739743963	0.00012004733830320736	0.00012002983694785196
3.	47.11449542577082	0.30000000000000004	0.8916917257158079	0.04637852182552357	0.0006473345763514283	2.2665607729699925e-6	0.06108304524809706	0.00007691432310526863	0.000120120112500113	0.0001201917503417943
3.	47.40418535709018	0.30000000000000004	0.8911283130078308	0.046347775210084464	0.0006478784946413682	2.2683864228833176e-6	0.06167550748760685	0.00007798255532541049	0.00012019154632890043	0.00012027485808822902
3.	47.69387528840954	0.30000000000000004	0.8905632043286766	0.04631696909935516	0.0006484142011863597	2.2701846310162657e-6	0.06226977737116682	0.0000790580481096943	0.00012026164899459532	0.00012030676687430769
3.	47.983565219728895	0.30000000000000004	0.8899963395750244	0.04628609957243347	0.0006489417260727936	2.271955474253563e-6	0.06286584462774335	0.00008014079185794666	0.00012033042425035258	0.00012036175139375216
3.	48.27325515104825	0.30000000000000004	0.889427754524914	0.046255167718870706	0.0006494611700485239	2.273699277678823e-6	0.06346370541622633	0.00008123078559256807	0.00012039788893112635	0.00012040668507025398
3.	48.562945082367605	0.30000000000000004	0.8888574520805661	0.04622417278846608	0.0006499726546911165	2.2754164400553555e-6	0.06406334879503725	0.00008232803114309699	0.0001204640639838618	0.00012045023365629681
3.	48.852635013686964	0.30000000000000004	0.888285404366477	0.04619311271227368	0.000650476204951646	2.27710702261214e-6	0.06466476908456117	0.00008343251844097525	0.00012052894995577007	0.000120528006272963
3.	49.14232494500632	0.30000000000000004	0.8877116058680286	0.046161986607425466	0.0006509718618119283	2.2787711434360468e-6	0.06526796214767357	0.00008454423927404107	0.00012059255495361996	0.00012065050464302174
3.	49.432014876325674	0.30000000000000004	0.8871361517892801	0.04613079877584637	0.0006514597614807634	2.2804092546609497e-6	0.06587292896975144	0.0000856631977982684	0.00012065490259233616	0.00012071709658843799
3.	49.72170480764503	0.30000000000000004	0.8865590279671354	0.04609954784972532	0.0006519399608851917	2.282021531550688e-6	0.06647966239546353	0.00008678938811849866	0.00012071600177276306	0.00012075041714053325
3.	50.01139473896439	0.30000000000000004	0.8859801948267622	0.04606823115672793	0.00065241249891738	2.2836080868980336e-6	0.06708815308107365	0.00008792280592078076	0.00012077585803717012	0.0001208020225112183
3.	50.30108467028374	0.30000000000000004	0.8853996466549792	0.04603684763216641	0.0006528774891321977	2.285169295467155e-6	0.06769838851208111	0.00008906354817633378	0.00012083448941924567	0.00012089099416931481
3.	50.5907746016031	0.30000000000000004	0.8848174680939003	0.04600540127249596	0.0006533350113750921	2.286705414626849e-6	0.06831037394602317	0.00009021151521260899	0.00012089191038592103	0.00012092345557826456
3.	50.88046453292246	0.30000000000000004	0.884233610128311	0.04597388901493692	0.0006537850834864324	2.2882164853141937e-6	0.06892410042595867	0.00009136669550090682	0.0001209481229523525	0.0001209604353207272
3.	51.17015446424182	0.30000000000000004	0.8836480469755337	0.04594230899739673	0.0006542277469899282	2.289702631942302e-6	0.06953955981873135	0.00009252908058675046	0.0001210031333406032	0.00012103767812962629
3.	51.45984439556117	0.30000000000000004	0.883060864737181	0.04591066518745218	0.0006546631268752016	2.291164271594244e-6	0.0701567525992261	0.0000936986738580054	0.0001210569631910693	0.0001210645111358738
3.	51.74953432688053	0.30000000000000004	0.8824720345494182	0.045878955570190914	0.0006550912687338978	2.292601543996277e-6	0.07077566949911418	0.00009487546766347014	0.00012110961930402348	0.0001210810433352888
3.	52.03922425819989	0.30000000000000004	0.8818814748378875	0.04584717529232884	0.0006555122116011831	2.29401456645221e-6	0.07139629293918111	0.00009605945327095603	0.0001211611062891998	0.00012119125116397123
3.	52.328914189519246	0.30000000000000004	0.8812893005509457	0.0458153300315382	0.0006559260521872293	2.295403658606527e-6	0.07201863117045045	0.00009725063055186003	0.00012121144221124407	0.00012126616066798768
3.	52.6186041208386	0.30000000000000004	0.8806955297367715	0.04578342029096462	0.0006563328588990663	2.2967690415307305e-6	0.07264267973228454	0.0000984489953585149	0.00012126063816690756	0.00012129161668027189
3.	52.908294052157956	0.30000000000000004	0.880100120178971	0.04575144345048463	0.000656732655770444	2.2981107814863347e-6	0.0732684290173864	0.00009965453692280304	0.0001213086972697757	0.00012132204968323679
3.	53.197983983477314	0.30000000000000004	0.8795030657396548	0.045719398774776675	0.0006571254941474247	2.299429040773018e-6	0.07389587213094549	0.00010086724847714462	0.00012135562766609189	0.00012137118295772742
3.	53.48767391479667	0.30000000000000004	0.8789044204736813	0.04568728862109774	0.0006575114841981791	2.3007241879593694e-6	0.07452500546453883	0.00010208713236506447	0.00012140144799745468	0.00012138609993088412
3.	53.777363846116025	0.30000000000000004	0.8783041324295139	0.045655109844005455	0.000657890657552033	2.301996317210832e-6	0.07515581623429513	0.00010331417902089658	0.00012144616238019507	0.00012143465929539965
3.	54.06705377743538	0.30000000000000004	0.8777022032360052	0.045622862261113416	0.0006582630360772168	2.3032454889607248e-6	0.07578830202716974	0.00010454837729959836	0.00012148977443801793	0.00012151781684582863
3.	54.35674370875474	0.30000000000000004	0.8770986922088247	0.04559054859735208	0.0006586287144979568	2.3044720189693937e-6	0.07642246181382852	0.0001057897275139295	0.00012153230046238962	0.00012157446596379462
3.	54.6464336400741	0.30000000000000004	0.8764936113940672	0.045558169127449775	0.0006589877526644931	2.305676101355271e-6	0.0770582904215261	0.00010703822465011066	0.00012157375029014063	0.00012159740354095172
3.	54.93612357139345	0.30000000000000004	0.8758869320611757	0.04552572201331672	0.0006593401802120851	2.306857824897614e-6	0.07769577892187039	0.00010829385882567076	0.0001216141281696686	0.0001216261067744917
3.	55.22581350271281	0.30000000000000004	0.8752786423022648	0.045493206232412806	0.0006596860592104755	2.3080173922257865e-6	0.07833491716342479	0.00010955662538470068	0.00012165344381233719	0.0001216835999101884
3.	55.51550343403217	0.30000000000000004	0.8746687982904163	0.045460624388908286	0.000660025479075518	2.309155101993477e-6	0.0789757039506621	0.00011082652443095901	0.00012169171259513291	0.00012171221140480637
3.	55.80519336535153	0.30000000000000004	0.8740573857880163	0.04542797549888327	0.0006603584569623337	2.310271000382308e-6	0.07961813421717832	0.00011210354417059682	0.00012172893706853949	0.00012173222378880633
3.	56.09488329667088	0.30000000000000004	0.8734443730890138	0.04539525761583939	0.000660685015044101	2.311365151473303e-6	0.08026219884197389	0.00011338767343647919	0.00012176512023160527	0.00012178639954088522
3.	56.38457322799024	0.30000000000000004	0.8728298192014118	0.04536247351313404	0.0006610052444555234	2.312437860932275e-6	0.08090789684875907	0.00011467891286568234	0.00012180027778182333	0.00012181384151296881
3.	56.6742631593096	0.30000000000000004	0.8722137265280376	0.04532962302699709	0.0006613191939954505	2.3134892866243817e-6	0.08155522199316721	0.00011597725603151437	0.00012183441759865924	0.00012181851248446729
3.	56.963953090628955	0.30000000000000004	0.8715960412830124	0.04529670299880791	0.000661626893999819	2.3145195221329083e-6	0.08220415941680527	0.00011728269323315219	0.00012186754353056785	0.00012187219461932963
3.	57.25364302194831	0.30000000000000004	0.8709768012766612	0.045263715178225285	0.0006619284015964241	2.3155287550648255e-6	0.08285470826585035	0.00011859521957502747	0.000121899665467295	0.00012193612933662779
3.	57.543332953267665	0.30000000000000004	0.8703560596372534	0.04523066210053856	0.0006622237903415826	2.31651723078093e-6	0.08350686860926448	0.00011991483325093119	0.00012193079619764446	0.00012195451212029806
3.	57.833022884587024	0.30000000000000004	0.869733787258496	0.04519754200158927	0.0006625130805914054	2.317485008819246e-6	0.08416063141062945	0.00012124152295476687	0.00012196093846989185	0.00012196724073025578
3.	58.12271281590638	0.30000000000000004	0.8691099641222344	0.04516435359343558	0.0006627962998519398	2.318432174006741e-6	0.08481598827338822	0.00012257527855345551	0.00012199009634079668	0.00012200400036238568
3.	58.412402747225734	0.30000000000000004	0.8684846468083086	0.045131099572299306	0.0006630735343574627	2.3193590168641233e-6	0.08547293811871468	0.00012391610079732528	0.00012201828466588698	0.00012200650650576184
3.	58.70209267854509	0.30000000000000004	0.8678577949065729	0.04509777750890869	0.000663344823526969	2.320265664406348e-6	0.08613146655798587	0.0001252639819047567	0.00012204550897991067	0.00012203195543641909
3.	58.99178260986445	0.30000000000000004	0.867229411395641	0.045064387420008054	0.0006636101834170596	2.321152162183023e-6	0.08679157105424153	0.0001266189097764943	0.00012207177197411543	0.0001220798847536564
3.	59.2814725411838	0.30000000000000004	0.8665995224937344	0.045030930457155116	0.0006638696710731232	2.3220186993597587e-6	0.08745324817434152	0.0001279808799945516	0.00012209708328063233	0.00012212630500192667
3.	59.57116247250316	0.30000000000000004	0.8659681612073781	0.04499740812166397	0.0006641233508964572	2.3228654910627665e-6	0.0881164948790173	0.00012934988972753005	0.00012212145382654787	0.0001221396858255841
3.	59.86085240382252	0.30000000000000004	0.8653353067788615	0.044963819123954835	0.0006643712463984554	2.3236926096264343e-6	0.08878130258177204	0.00013072592832085865	0.00012214488700876562	0.00012215064808268616
3.	60.15054233514188	0.30000000000000004	0.864700947139245	0.04493016261602441	0.0006646133918287992	2.324500165169931e-6	0.08944766282620062	0.00013210902390660946	0.00012216738809219722	0.00012218050262945146
3.	60.44023226646123	0.30000000000000004	0.8640651133650373	0.04489643995078475	0.0006648498681226047	2.3252884313115104e-6	0.09011556953141561	0.00013349917534334963	0.00012218897057419964	0.00012220282086503054
3.	60.72992219778059	0.30000000000000004	0.8634278149049087	0.04486265150255722	0.0006650806965117628	2.3260574730645937e-6	0.09078502055293096	0.00013489633771772433	0.0001222096380799669	0.00012220994790054784
3.	61.01961212909995	0.30000000000000004	0.8627890253815893	0.04482879571531673	0.0006653058925126596	2.326807335663122e-6	0.09145600676889179	0.00013630049839748906	0.0001222293926232522	0.0001222389359563647
3.	61.309302060419306	0.30000000000000004	0.8621487739604574	0.04479487392121766	0.0006655255146718512	2.327538215035261e-6	0.09212852477078316	0.0001377116534876492	0.0001222482441164372	0.0001222626411672284
3.	61.59899199173866	0.30000000000000004	0.8615070831103814	0.04476088710655125	0.0006657396166960925	2.3282502903731537e-6	0.09280257039521654	0.00013912979827147926	0.00012226620157216984	0.0001222617225928868
3.	61.888681923058016	0.30000000000000004	0.8608639253461293	0.04472683363724217	0.0006659482222027686	2.328943635826677e-6	0.09347813276041861	0.00014055492181549415	0.00012228326825780445	0.00012227616855579881
3.	62.178371854377374	0.30000000000000004	0.8602192928226704	0.044692712912486166	0.0006661513668731781	2.329618367922004e-6	0.0941552033604867	0.00014198701567503846	0.0001222994497337599	0.00012232290344059427
3.	62.46806178569673	0.30000000000000004	0.8595732476411774	0.04465852804498274	0.0006663491170488686	2.3302747105861547e-6	0.09483378483196736	0.00014342607808094402	0.00012231475778587075	0.00012233401203212702
3.	62.757751717016085	0.30000000000000004	0.858925774905418	0.044624278100792385	0.0006665414943924879	2.3309127316712106e-6	0.09551386916342892	0.00014487209779070093	0.00012232919561501774	0.0001223333254458392
3.	63.04744164833544	0.30000000000000004	0.8582768540424606	0.04458996185279834	0.0006667285163181896	2.331532484345414e-6	0.09619544753169315	0.00014632506253308734	0.00012234276563691794	0.00012235146171231392
3.	63.3371315796548	0.30000000000000004	0.8576265196391661	0.044555580941237766	0.0006669102432741762	2.332134172433032e-6	0.09687851714645647	0.00014778496944249712	0.00012235547815762102	0.0001223549262505258
3.	63.62682151097416	0.30000000000000004	0.85697476959173	0.04452113506400141	0.000667086719058638	2.3327179416914507e-6	0.09756306922227612	0.0001492518121347718	0.00012236734012508425	0.0001223548728573609
3.	63.91651144229351	0.30000000000000004	0.856321588332898	0.04448662327433459	0.0006672579607846384	2.333283844720141e-6	0.0982490958192248	0.0001507255783450737	0.00012237835400076902	0.00012237575056822658
3.	64.20620137361287	0.30000000000000004	0.8556669881856752	0.044452046101057706	0.0006674239996777695	2.3338319836233193e-6	0.09893659329242924	0.00015220625892566758	0.0001223885250260137	0.00012240833025078945
3.	64.49589130493223	0.30000000000000004	0.8550110087799744	0.04441740546402387	0.0006675848973873017	2.3343625670380727e-6	0.09962555973019412	0.00015369385170876175	0.00012239786378881736	0.00012241291414454014
3.	64.78558123625159	0.30000000000000004	0.8543536383600774	0.04438270061484308	0.0006677406757077155	2.334875664381909e-6	0.10031598721276383	0.00015518834553313198	0.00012240637356137352	0.00012240991541047352
3.	65.07527116757095	0.30000000000000004	0.8536948642083025	0.04434793075641265	0.0006678913558234244	2.3353713430828746e-6	0.10100786754632185	0.00015668972901992765	0.00012241405749911845	0.00012242103277652905
3.	65.36496109889029	0.30000000000000004	0.8530347079948251	0.04431309683371472	0.0006680370000755829	2.3358498146172547e-6	0.10170119417705911	0.00015819800041620076	0.00012242092594009186	0.0001224301440947151
3.	65.65465103020966	0.30000000000000004	0.8523731829444238	0.044278199440063545	0.0006681776378181945	2.3363111752493525e-6	0.10239596379069747	0.00015971315045236342	0.00012242698383927103	0.00012242672536941224
3.	65.94434096152901	0.30000000000000004	0.8517102749896696	0.04424323773557093	0.0006683132822865743	2.3367554650161495e-6	0.10309216891268959	0.00016123516595760844	0.00012243223306440242	0.00012243315836073243
3.	66.23403089284837	0.30000000000000004	0.8510459899944195	0.04420821190343548	0.0006684439666090695	2.3371827936407774e-6	0.10378980367357195	0.000162764038453055	0.00012243667901950506	0.0001224492407173039
3.	66.52372082416773	0.30000000000000004	0.8503803616307631	0.04417312357231663	0.0006685697459541617	2.337593348031967e-6	0.10448886553210282	0.0001642997649166204	0.00012244033113908466	0.00012244216059860424
3.	66.81341075548708	0.30000000000000004	0.8497133784216389	0.044137972026471656	0.0006686906402189127	2.3379871918939727e-6	0.10518934637013473	0.00016584233382169175	0.0001224431923907962	0.00012243222052227276
3.	67.10310068680644	0.30000000000000004	0.8490450152631098	0.04410275579229278	0.0006688066745574089	2.338364407431694e-6	0.10589123352554866	0.00016739173483413568	0.0001224452663031858	0.00012245864524976224
3.	67.39279061812579	0.30000000000000004	0.8483753255848072	0.04406747758693628	0.000668917901700204	2.3387251733815882e-6	0.10659452979365222	0.0001689479646730366	0.00012244656231039688	0.00012246244305766374
3.	67.68248054944516	0.30000000000000004	0.8477043086124502	0.044032137263402424	0.0006690243472500619	2.3390695737438227e-6	0.10729922864305219	0.00017051101332914842	0.0001224470844888948	0.00012245105094227382
3.	67.9721704807645	0.30000000000000004	0.8470319488360879	0.04399673390930889	0.000669126025541779	2.3393976532342307e-6	0.10800532151900732	0.0001720808678838297	0.00012244683484265907	0.00012244944451704487
3.	68.26186041208386	0.30000000000000004	0.8463582584805711	0.04396126805363683	0.0006692229729331929	2.339709533674482e-6	0.10871280326740722	0.00017365752102034242	0.00012244581940186024	0.0001224499948976332
3.	68.55155034340322	0.30000000000000004	0.8456832599998848	0.04392574074807022	0.0006693152369585284	2.340005376063767e-6	0.10942166948947195	0.00017524096843171618	0.00012244404616312915	0.00012243355180671656
3.	68.84124027472258	0.30000000000000004	0.8450069312030115	0.04389015070869121	0.0006694028354254284	2.340285237574036e-6	0.11013190897345457	0.00017683119814078667	0.00012244151754368232	0.00012243479603891994
3.	69.13093020604194	0.30000000000000004	0.8443292786222567	0.043854498216906186	0.0006694857862042655	2.340549175698007e-6	0.11084351808701697	0.00017842819819292855	0.00012243823653615245	0.00012245054024725976
3.	69.42062013736128	0.30000000000000004	0.843650336461891	0.04381878495438495	0.0006695641410346101	2.3407973664341324e-6	0.11155649474165816	0.00018003196563000422	0.00012243421202959054	0.0001224469380348009
3.	69.71031006868066	0.30000000000000004	0.8429701031017274	0.043783010742620275	0.0006696379234216696	2.341029887165961e-6	0.1122708321108377	0.00018164249008827693	0.00012242944774385633	0.00012243260141754642
3.	70.	0.30000000000000004	0.8422885676348665	0.04374717492132695	0.0006697071496038051	2.341246789966133e-6	0.1129865220180652	0.0001832597592044863	0.00012242394606646286	0.0001224272701431245