4.	1.	0.4	0.	0.	0.	0.021507019073725164	0.25213040050193636	4.652871195744658e-6	0.00019945686683409936	0.7263579275531428
4.	1.06735	0.4	0.	0.	0.	0.0231982495526761	0.27131331485988913	5.787556447173039e-6	0.0001908735928114827	0.7054826480309877
4.	1.1347	0.4	0.	0.	0.	0.024715169112976738	0.29108211230849784	7.062210951667884e-6	0.00018335087502259462	0.6841956563675737
4.	1.20205	0.4	0.	0.	0.	0.026043034655650013	0.31107217451959024	8.472973683749811e-6	0.00018366373010042094	0.662876317851076
4.	1.2694	0.4	0.	0.	0.	0.027172163192738304	0.33098083593903843	0.000010013950993438394	0.00019306104923067624	0.6418369869172298
4.	1.33675	0.4	0.	0.	0.	0.02809752752780577	0.35055322023781443	0.000011677636366234004	0.00020815662783947627	0.6213375745980136
4.	1.4041000000000001	0.4	0.	0.	0.	0.028818033426512107	0.36957176555996557	0.000013455271721445007	0.00022638451711335376	0.6015967457418009
4.	1.47145	0.4	0.	0.	0.	0.02933580228739725	0.38785054336840946	0.000015337197478508605	0.0002458208127419315	0.5827983171467148
4.	1.5388000000000002	0.4	0.	0.	0.	0.029655506765699023	0.4052287306424092	0.000017313183563415934	0.0002650405400797423	0.5650984494083284
4.	1.60615	0.4	0.	0.	0.	0.02978364786987524	0.4215660194615303	0.00001937266621991241	0.0002830051719477913	0.5486309600023745
4.	1.6735000000000002	0.4	0.	0.	0.	0.029727904458745586	0.4367372529892479	0.000021504915816969687	0.00029897374812537644	0.5335133376361896
4.	1.74085	0.4	0.	0.	0.	0.02949657986493199	0.4506260744789084	0.00002369914565574009	0.0003124327959324826	0.5198536465105039
4.	1.8082	0.4	0.	0.	0.	0.029097997900442835	0.46312027081169	0.000025944437407444664	0.00032303944138323054	0.5077557868504597
4.	1.87555	0.4	0.	0.	0.	0.02854011189673228	0.4741035265908222	0.0000282296545546449	0.00033057686772833327	0.4973281318578908
4.	1.9429	0.4	0.	0.	0.	0.027830056057482358	0.483448207636992	0.00003054313297419511	0.0003349176172858326	0.4886911931725514
4.	2.01025	0.4	0.	0.	0.	0.02697378484949141	0.49100563582171475	0.00003287221987783056	0.00033599408304998453	0.48198770710891603
4.	2.0776000000000003	0.4	0.	0.	0.	0.025975710881370295	0.49659444701000444	0.000035202530257898055	0.00033377395011402336	0.47739463957836736
4.	2.14495	0.4	0.	0.	0.	0.02483834557644043	0.4999854775813169	0.000037516821647356426	0.0003282394944394112	0.47513866002059535
4.	2.2123	0.4	0.	0.	0.	0.0235619246102924	0.5008815027565512	0.00003979330352062594	0.0003193695677044415	0.47551677932963576
4.	2.27965	0.4	0.	0.	0.	0.02214398463881552	0.4988898022227721	0.00004200306423782176	0.0003071232663282432	0.4789242100741745
4.	2.3470000000000004	0.4	0.	0.	0.	0.020578900092204637	0.4934840618100349	0.000044106172406189796	0.00029142471541674416	0.4858929319253542
4.	2.347	0.4	0.	0.	0.	0.020578900092252023	0.49348406181117077	0.00004410617240684782	0.0002914247154174152	0.4858929319241704
4.	2.3715401216290193	0.4	0.	0.	0.	0.019970368283697113	0.49053332527419097	0.00004483552216969799	0.000284823898440486	0.48945147091994223
4.	2.3960802432580386	0.4	0.	0.	0.	0.019340532961362886	0.4869950443527997	0.000045539929063459146	0.0002777408189822477	0.493618882756774
4.	2.4206203648870583	0.4	0.	0.	0.	0.018688745600414048	0.48282203492768605	0.00004621540654523494	0.000270166414605914	0.4984430040653547
4.	2.4451604865160776	0.4	0.	0.	0.	0.018014286160965867	0.47796146485911034	0.00004685738428793144	0.00026209047520361466	0.5039773915956358
4.	2.469700608145097	0.4	0.	0.	0.	0.017316365661959012	0.47235423784794767	0.00004746062853393737	0.00025350166186392694	0.5102819358615593
4.	2.4942407297741163	0.4	0.	0.	0.	0.016594134685234813	0.4659343001776329	0.000048019168259204796	0.00024438757840964656	0.5174235459688732
4.	2.518780851403136	0.4	0.	0.	0.	0.015846693463610433	0.45862809296404766	0.00004852622739288623	0.00023473492389075042	0.525476687344949
4.	2.5433209730321553	0.4	0.	0.	0.	0.015073111216491948	0.4503540867728147	0.00004897419415421375	0.00022452976829090527	0.5345238278165392
4.	2.5678610946611746	0.4	0.	0.	0.	0.014272456576331355	0.4410225789574473	0.00004935466409975309	0.00021375798742874583	0.5446556098021216
4.	2.592401216290194	0.4	0.	0.	0.	0.013443840905160315	0.4305361139813651	0.000049658626754022946	0.00020240594352820943	0.5559703864867205
4.	2.6169413379192137	0.4	0.	0.	0.	0.012586482569178173	0.41879093603370493	0.00004987693873285181	0.00019046147805934038	0.568572704458384
4.	2.641481459548233	0.4	0.	0.	0.	0.011699800453019835	0.40568029352418183	0.00005000136419509677	0.00017791537218956926	0.5825699046586033
4.	2.6660215811772523	0.4	0.	0.	0.	0.010783540485649872	0.39110148044042753	0.00005002672948052159	0.00016476337368140665	0.5980649523444421
4.	2.6905617028062716	0.4	0.	0.	0.	0.00983794978182365	0.3749696969594171	0.0000499554347959112	0.0001510089785826202	0.6151423978239633
4.	2.7151018244352914	0.4	0.	0.	0.	0.008863997196688383	0.35724614999373694	0.0000498072155408809	0.0001366669948407671	0.6338400455940338
4.	2.7396419460643107	0.4	0.	0.	0.	0.00786360587619748	0.3379989862364474	0.00004964183045488046	0.00012176738194223685	0.6540877660569002
4.	2.76418206769333	0.4	0.	0.	0.	0.006839749381659687	0.31755060968487625	0.000049618841657160706	0.00010635702128635985	0.6755600220918069
4.	2.7887221893223493	0.4	0.	0.	0.	0.005795637946402307	0.2969196729020704	0.000050191471672177066	0.00009048730136433074	0.6972344976798551
4.	2.8132623109513686	0.4	0.	0.	0.	0.004728064588892262	0.2797731824325844	0.00005304370549305117	0.0000741098454370497	0.7154457092730303
4.	2.8378024325803883	0.4	0.	0.	0.	0.003408270597536749	0.320075982260509	0.00007887364715787539	0.0000536266099372267	0.6764368734947964
4.	2.8623425542094076	0.4	0.	0.	0.	0.002891717105743081	0.20042176271956177	0.00004828247929524401	0.000045119137574873077	0.7966382376953999
4.	2.886882675838427	0.4	0.	0.	0.	0.002090798568458034	0.1310611329980223	0.000029524399343583013	0.00003274235106677824	0.866818544034176
4.	2.9114227974674467	0.4	0.	0.	0.	0.0013053182205260566	0.07687427621660008	0.000016678910031664868	0.000020514407974175473	0.9218037266528422
4.	2.9359629190964656	0.4	0.	0.	0.	0.0006486588478913977	0.036448484598703666	7.704958370558342e-6	0.000010229578730030602	0.9628951515950344
4.	2.9605030407254853	0.4	0.	0.	0.	0.00021221360839788933	0.011473676593605354	2.3778123182977515e-6	3.3579091310073567e-6	0.9883117319856785
4.	2.9850431623545046	0.4	0.	0.	0.	0.00006449576870400816	0.0033733083010240163	6.879635372783634e-7	1.023854525595638e-6	0.9965615079667347
4.	3.009583283983524	0.4	0.	0.	0.	0.0002785256768946667	0.014145014391559005	2.8461270923806864e-6	4.435494690815194e-6	0.985573613804454
4.	3.0341234056125437	0.4	0.	0.	0.	0.0008204941865923788	0.04057155698709281	8.068597458403692e-6	0.000013106357486032704	0.9585998802288564
4.	3.058663527241563	0.4	0.	0.	0.	0.001657212727911435	0.07995669223005553	0.000015737254937016327	0.000026550680825499952	0.9183703577870961
4.	3.0832036488705823	0.4	0.	0.	0.	0.0027198917316002876	0.12826124151419868	0.000025009019012043913	0.000043702112760425376	0.868993857735189
4.	3.1077437704996016	0.4	0.	0.	0.	0.003924946668011584	0.18115472465096544	0.00003501906345869365	0.00006324143990601752	0.8148853096175643
4.	3.132283892128621	0.4	0.	0.	0.	0.005190426765412397	0.2347461698087466	0.000045014970993570745	0.00008385967539562463	0.7600183884548475
4.	3.1568240137576407	0.4	0.	0.	0.	0.006446510172566214	0.2859784286298137	0.000054423455994326944	0.00010442944999754674	0.7075206377416258
4.	3.18136413538666	0.4	0.	0.	0.	0.007639889986933221	0.3327247774159125	0.00006286024016058036	0.000124079725498847	0.6595724723569938
4.	3.2059042570156793	0.4	0.	0.	0.	0.008733486281192821	0.3736852376687988	0.00007010354482613205	0.0001421952232243166	0.6175111725051823
4.	3.230444378644699	0.4	0.	0.	0.	0.009703554257623493	0.4081911470991461	0.00007605247483085366	0.00015837298781216992	0.5820292461683996
4.	3.2549845002737183	0.4	0.	0.	0.	0.010535902852086559	0.43599664497464324	0.00008068504385390204	0.00017236344869147856	0.5533867671294164
4.	3.2795246219027376	0.4	0.	0.	0.	0.011222249026937265	0.4570979369675473	0.00008402305618583626	0.00018401263352906704	0.5315957909493296
4.	3.304064743531757	0.4	0.	0.	0.	0.011757135839425191	0.47159296825527164	0.00008610567329817476	0.00019321270351472993	0.516563790232005
4.	3.3286048651607762	0.4	0.	0.	0.	0.012135471203104887	0.4795783994322579	0.00008697068483957596	0.00019986195876297989	0.5081991586797976
4.	3.353144986789796	0.4	0.	0.	0.	0.012350563599476503	0.48107471588297945	0.00008664149901885992	0.00020383249088803043	0.5064880790185251
4.	3.3776851084188153	0.4	0.	0.	0.	0.012392477850770916	0.47596960525625415	0.00008511787799603504	0.00020494273156755006	0.5115527990149789
4.	3.4022252300478346	0.4	0.	0.	0.	0.012246561255347344	0.46397191316498976	0.00008236896872551305	0.00020293251281573404	0.5236991566109375
4.	3.4267653516768544	0.4	0.	0.	0.	0.011892088860279895	0.4445732312466622	0.00007832808566694161	0.00019743986285793174	0.5434563518073909
4.	3.4513054733058732	0.4	0.	0.	0.	0.011301215662997416	0.41702331331227593	0.00007289035238490893	0.00018798271511744942	0.5716025806723417
4.	3.475845594934893	0.4	0.	0.	0.	0.010438987290908027	0.38034535776069733	0.00006591769771256368	0.0001739581253306133	0.609149737250682
4.	3.5003857165639123	0.4	0.	0.	0.	0.009266464762104241	0.3334617359821446	0.00005726290700374253	0.00015469355653708822	0.6572145363487474
4.	3.5249258381929316	0.4	0.	0.	0.	0.0077518419262035685	0.2755943881052246	0.00004683829316950902	0.00012963244116571238	0.7166069316754023
4.	3.5494659598219513	0.4	0.	0.	0.	0.005899509589544897	0.2072672244914462	0.000034756729167919774	0.00009882226895745267	0.786798509189841
4.	3.57400608145097	0.4	0.	0.	0.10358437209004794	0.0034169390507272374	0.11866204591910132	0.000015308225786028874	0.00005733057944197113	0.7743213347143375
4.	3.59854620307999	0.4	0.	0.	0.0743459809225204	0.0016520069737401355	0.05672210619287542	6.417577347145743e-6	0.000027762068313730005	0.8672734883335169
4.	3.6230863247090093	0.4	0.	0.	0.019694098668378054	0.0003531975307263189	0.01199294289524533	1.2279225188375746e-6	5.944696091450597e-6	0.9679585329831315
4.	3.6476264463380286	0.4	0.	0.	0.00922168974678638	0.00014278714509059886	0.004795818470286625	4.511112217351733e-7	2.406882654137597e-6	0.9858392535266146
4.	3.6721665679670483	0.4	0.	0.	0.08697149372904507	0.0012047319782660674	0.040033532285652665	3.491876033788444e-6	0.00002033725477291896	0.8717867501310024
4.	3.6967066895960676	0.4	0.	0.	0.20636624293888456	0.0026142262803001757	0.08596616222487538	6.998083332274783e-6	0.000044194063015991985	0.7050463704726075
4.	3.721246811225087	0.4	0.	0.	0.3081382393733326	0.0036236178036456314	0.11794122692990847	9.003743841399403e-6	0.00006134303622671011	0.5702879121492719
4.	3.7457869328541067	0.4	0.	0.	0.3741226624949349	0.004128693551976796	0.1330331855795307	9.560029751071415e-6	0.0000699876479605213	0.48870589834380646
4.	3.7703270544831256	0.4	0.	0.	0.40857390220038714	0.004266182291571945	0.13611105638964358	9.235560290851413e-6	0.00007241327947156969	0.4510396235581065
4.	3.7948671761121453	0.4	0.	0.	0.41852076194232474	0.00416152332717376	0.13149011605661548	8.445885435210545e-6	0.00007072709653907378	0.44581915278845075
4.	3.8194072977411646	0.4	0.	0.	0.4084744478424666	0.003887913777211395	0.12168079121503383	7.41497351056091e-6	0.00006615914251708829	0.46594943219177754
4.	3.843947419370184	0.4	0.	0.	0.38039266358034607	0.003480559049367577	0.10791821047204884	6.251053406292255e-6	0.0000592990127028894	0.5082023158448312
4.	3.8684875409992037	0.4	0.	0.	0.3347343983337441	0.0029547992884488236	0.09077949018040765	5.006839815255448e-6	0.00005040081058162346	0.5715263053575842
4.	3.893027662628223	0.4	0.	0.00007612172544443232	0.2719834539616628	0.002323228297111021	0.07073550788677038	3.7205770264003534e-6	0.00003967333907660583	0.6548779675519849
4.	3.9175677842572423	0.4	0.	0.00034937160712060543	0.19520754331767118	0.00161768302493731	0.04881967397797941	2.4524111602924613e-6	0.0000276556739120885	0.7540032756611312
4.	3.9421079058862616	0.4	0.	0.0005629798032728717	0.11393962925564664	0.0009181122809741064	0.027467646354504775	1.3195823129446978e-6	0.000015712943523855652	0.8571103127232886
4.	3.966648027515281	0.4	0.	0.000465600367778977	0.04708682764792895	0.00036965777759431995	0.01096519750343137	5.044428078104653e-7	6.333151381263678e-6	0.9411122122604586
4.	3.9911881491443006	0.4	0.	0.00032684225667926084	0.019600563556986937	0.00015017695121973597	0.004417495328936036	1.9484853113979148e-7	2.575545589977697e-6	0.9755047270576469
4.	4.0157282707733195	0.4	0.	0.0013100733140634531	0.05181400509329717	0.0003880495636919294	0.011320876082096273	4.793587498970883e-7	6.66173101087291e-6	0.9351665165881013
4.	4.040268392402339	0.4	0.	0.0047461665947139756	0.1330987729513175	0.0009757073663397139	0.028235462127929024	1.1491146434571096e-6	0.000016766473484135798	0.8329427418450563
4.	4.064808514031359	0.4	0.	0.01136408238441178	0.23814601542724573	0.0017109377422545346	0.04911941233955469	1.923698448693536e-6	0.000029428438544555623	0.6996576284080845
4.	4.089348635660378	0.4	0.	0.020975786513695038	0.3418055323254255	0.002409369358694288	0.06863188165886318	2.589742435484666e-6	0.00004147975517667393	0.5661748404008866
4.	4.113888757289398	0.4	0.	0.03289768740025243	0.4300449004035618	0.0029772461496401312	0.08415880961430183	3.063488310929001e-6	0.00005130226507195436	0.4499182929439328
4.	4.1384288789184165	0.4	0.	0.04641239806000563	0.4990675622914694	0.003396574462514728	0.09528969187160798	3.3504147801533464e-6	0.000058578928073981544	0.3558304228996221
4.	4.162969000547436	0.4	0.	0.06095765901948618	0.5503998814424244	0.003685623830012886	0.10263424190986949	3.4901538618938064e-6	0.00006361792910591388	0.28231910364434526
4.	4.187509122176456	0.4	0.	0.07613628001485202	0.5872838016255888	0.0038723221484172816	0.10704952809995667	3.5254630774369353e-6	0.00006689570911493791	0.22565454264810775
4.	4.212049243805476	0.4	0.	0.09167263012274686	0.6129848671668654	0.003982696659914705	0.10931431457622688	3.49128014046738e-6	0.0000688577054765263	0.1820420001941057
4.	4.236589365434495	0.4	0.	0.10737066506242719	0.6302333443065704	0.004037591592657517	0.11004296911870619	3.413204824779165e-6	0.00006986131602216559	0.14831201671481392
4.	4.261129487063514	0.4	0.	0.12308532837560934	0.6411511676575818	0.00405268924059564	0.10969226031007968	3.3090590207099904e-6	0.00007017582048395511	0.12201524535711275
4.	4.285669608692533	0.4	0.	0.13870524525596672	0.6473388830763084	0.004039482466511739	0.10859328292949064	3.190924317242121e-6	0.00006999882304552671	0.10131991534740527
4.	4.310209730321553	0.4	0.	0.1541426416059853	0.6499918489476473	0.004006316980195501	0.10698380408689896	3.066857794499234e-6	0.00006947400797413411	0.08487232152147853
4.	4.334749851950573	0.4	0.	0.16932740226753581	0.6500027758078613	0.003959247999137112	0.10503427750510445	2.9421574739797255e-6	0.00006870577270393259	0.07167335426288735
4.	4.359289973579592	0.4	0.	0.18420341105583482	0.6480415893720021	0.0039026822052962294	0.10286709840774155	2.820247109032893e-6	0.00006777021115321053	0.0609823987120163
4.	4.3838300952086104	0.4	0.	0.1987261066236455	0.6446145116140692	0.0038398404391093155	0.1005703624205119	2.7032809841671184e-6	0.00006672303866612902	0.05224647562167983
4.	4.40837021683763	0.4	0.	0.21286071039761542	0.640106957406331	0.0037730867866370334	0.09820758100136934	2.592554532526288e-6	0.00006560523280914945	0.04504907185351471
4.	4.43291033846665	0.4	0.	0.22658081821573337	0.6348144540159452	0.0037041616986031333	0.09582452489081789	2.4887828374819182e-6	0.00006444703257378036	0.039073552396062944
4.	4.45745046009567	0.4	0.	0.2398672309567283	0.628965047014373	0.0036343481349503564	0.09345407330303042	2.3922904103081393e-6	0.00006327079062168941	0.03407690830050773
4.	4.481990581724689	0.4	0.	0.25270692242167664	0.622735589117097	0.0035645904894877293	0.09111966449385267	2.3031408775118247e-6	0.00006209301583809726	0.029870930337008356
4.	4.506530703353708	0.4	0.	0.26509214626054	0.6162637642359278	0.003495580899988962	0.08883778625936008	2.2212262751303035e-6	0.00006092585725784423	0.026308501117908056
4.	4.531070824982727	0.4	0.	0.2770196862385849	0.6096571186322154	0.0034278228423604215	0.08661979704397764	2.146328961089411e-6	0.000059778198280263095	0.023273428913900496
4.	4.555610946611747	0.4	0.	0.28849002669510887	0.6029994887246068	0.0033616760409455673	0.08447320838708167	2.078163140583486e-6	0.000058656429364947034	0.020673521989116414
4.	4.580151068240767	0.4	0.	0.29950672747798374	0.596356130492978	0.00329739133960873	0.08240267067102695	2.016404415660657e-6	0.00005756504920520752	0.018435063613987
4.	4.604691189869786	0.4	0.	0.31007588794170643	0.589777677411476	0.0032351370285703587	0.08041070973516068	1.9607101829276883e-6	0.00005650711888923309	0.01649862717290354
4.	4.629231311498805	0.4	0.	0.3202056555921596	0.5833031565341611	0.003175018512148015	0.07849827210630558	1.910733385547757e-6	0.00005548460139426831	0.014815986521840227
4.	4.653771433127824	0.4	0.	0.3299058023235652	0.5769623427732299	0.0031170933025289793	0.07666513748912723	1.8661317408427437e-6	0.00005449862105280395	0.013347757979807806
4.	4.678311554756844	0.4	0.	0.3391873577550227	0.5707776124794862	0.0030613825281306634	0.07491023058314578	1.8265737919367394e-6	0.0000535496627197414	0.012061590080422777
4.	4.702851676385864	0.4	0.	0.34806229557397234	0.5647654126110623	0.00300787980997249	0.07323185823228044	1.7917427152430798e-6	0.000052637725597469036	0.010930762029997279
4.	4.727391798014883	0.4	0.	0.3565432705950983	0.5589374314431894	0.0029565581314236465	0.07162789150487275	1.7613385354181974e-6	0.00005176244284533936	0.009933086986880377
4.	4.751931919643902	0.4	0.	0.3646433945611645	0.5533015374207763	0.0029073751767503342	0.07009590454565767	1.7350792347603423e-6	0.00005092317462905731	0.009050053216416512
4.	4.776472041272921	0.4	0.	0.37237613426039007	0.547862497621608	0.002860277290614445	0.06863333380861197	1.7127005151267943e-6	0.00005011909231799864	0.00826604431826039
4.	4.801012162901941	0.4	0.	0.379755028460959	0.542622654009336	0.0028152030600417043	0.06723746822669774	1.6939565190770732e-6	0.000049349215809058034	0.007567952286446522
4.	4.89262894023382	0.4	0.	0.40440356242213665	0.5248104223189938	0.002663644409948	0.06256907573785103	1.652428972269327e-6	0.000046758359962032256	0.005551642682098221
4.	4.984245717565699	0.4	0.	0.42498610491998323	0.5096339516892516	0.002535631110820695	0.058652183165126624	1.648670243333385e-6	0.000044567847781068	0.004190480444574485
4.	5.075862494897577	0.4	0.	0.44211991357371394	0.49683946778587657	0.0024275491513689384	0.05536090420681479	1.6753207125301963e-6	0.00004271743883572463	0.0032504899615132324
4.	5.167479272229456	0.4	0.	0.4563462110266213	0.4861379488769646	0.002336180104714321	0.052588593524066564	1.7269442783531088e-6	0.00004115307326466097	0.0025893395233548486
4.	5.259096049561335	0.4	0.	0.46812942896602694	0.47724744925649903	0.002258776569897889	0.050247346648317516	1.7995349746164737e-6	0.000039828384252093704	0.0021151990242840035
4.	5.350712826893214	0.4	0.	0.4778622981296926	0.4699096975160315	0.0021930360076204336	0.04826551624191824	1.8901131096501464e-6	0.000038704386789777576	0.0017675619916275587
4.	5.442329604225092	0.4	0.	0.4858746557824899	0.4638961722177798	0.0021370478075755242	0.04658501658280786	1.996436686671364e-6	0.0000377486600275584	0.0015051111726602645
4.	5.533946381556971	0.4	0.	0.4924426058238478	0.4590085139982789	0.002089233187949753	0.04515881596656887	2.1167973656206772e-6	0.00003693437445406756	0.0012987142259890394
4.	5.62556315888885	0.4	0.	0.49779700648070535	0.4550764139065615	0.0020482887163525932	0.04394879418470824	2.2498753727312057e-6	0.0000362393604468268	0.0011272468362995836
4.	5.717179936220729	0.4	0.	0.5021309126016976	0.45195455082256053	0.0020131371683753804	0.04292398390219513	2.3946363000994945e-6	0.00003564528929895109	0.0009750208688712389
4.	5.808796713552608	0.4	0.	0.5056059096318962	0.44951934364954316	0.0019828863402020216	0.042059157027851166	2.550257480458004e-6	0.00003513698201979701	0.0008301530930269752
4.	5.900413490884486	0.4	0.	0.5083574163983728	0.4476658724773076	0.0019567951935726656	0.041333698534336036	2.716075230093393e-6	0.00003470183829296248	0.0006835013211807586
4.	5.992030268216365	0.4	0.	0.5104990838797414	0.44630511170210946	0.0019342462991131632	0.04073071446734211	2.8915468443269385e-6	0.00003432936982507992	0.00052795210484953
4.	6.083647045548244	0.4	0.	0.5121220380238435	0.4453576972788009	0.001914707094740432	0.04023598059406656	3.0761906692893247e-6	0.00003401052947425837	0.00036650081787931166
4.	6.175263822880122	0.4	0.	0.5133005404888649	0.44475423249987883	0.0018977225851071363	0.039837610664696994	3.2695920989568016e-6	0.00003373759366191104	0.00020662416935322142
4.	6.266880600212001	0.4	0.	0.5141023026636317	0.44444026987946145	0.0018829294211241024	0.03952621140549129	3.4714226220170135e-6	0.000033504422902653424	0.00004481520766948244
4.	6.3584973775438804	0.4	0.	0.5145845160814317	0.44436954856435495	0.0018700209950398405	0.03929404271390078	3.6814007830730265e-6	0.00003330585024107056	1.e-10
4.	6.4501141548757595	0.4	0.	0.5147412340875454	0.4445180248499999	0.0018588017164228336	0.03911079694641994	3.90009305501786e-6	0.00003313158972305673	1.e-10
4.	6.5417309322076385	0.4	0.	0.5144972714670543	0.44488795359136435	0.0018491985846533709	0.03891513024026293	4.12928741462264e-6	0.00003296418699066185	1.e-10
4.	6.633347709539517	0.4	0.	0.5140520370130343	0.4454068354981961	0.001840838588226363	0.03877116862589613	4.366565437490946e-6	0.00003281758159493898	1.e-10
4.	6.724964486871396	0.4	0.	0.5134376358146882	0.44605058113574025	0.0018335621159978812	0.03867487927674853	4.611806051617074e-6	0.00003268906976719177	1.e-10
4.	6.816581264203275	0.4	0.	0.5126815726160958	0.44679867433629883	0.0018272325679945076	0.03862287901361324	4.864912722886595e-6	0.00003257633981431281	0.0000647765532747202
4.	6.908198041535153	0.4	0.	0.5118074224534906	0.44763363467141004	0.0018217327273465363	0.03861233976615492	5.1258119107986245e-6	0.000032477409995384534	0.00011974456968705943
4.	6.999814818867032	0.4	0.	0.5108353946967086	0.448540562138447	0.0018169617446296819	0.0386409129284226	5.3944520946961694e-6	0.00003239057682565708	0.00016077403969743526
4.	7.091431596198911	0.4	0.	0.5097807865690688	0.4495049679478987	0.0018128254324520753	0.03870651501628993	5.670785802402656e-6	0.000032314243752377206	0.0001892342484881293
4.	7.18304837353079	0.4	0.	0.5086554951020006	0.450513389740728	0.0018092381016705736	0.038807361128679045	5.954761902315102e-6	0.0000322469553249442	0.00020856116501945937
4.	7.274665150862669	0.4	0.	0.5074709102532148	0.451555361157912	0.0018061298436763036	0.038942120038777076	6.2463685122622e-6	0.0000321875281757569	0.00021923233790756974
4.	7.366281928194548	0.4	0.	0.5062366301121892	0.45262179789558155	0.001803439434527659	0.039109767659207324	6.545613533247048e-6	0.00003213492548956404	0.00022181928496099734
4.	7.457898705526426	0.4	0.	0.5049607010587621	0.4537047905979966	0.0018011130562819355	0.03930956750360716	6.85252586569672e-6	0.000032088235028925556	0.0002169752574864639
4.	7.549515482858305	0.4	0.	0.5036498195959188	0.45479742569092924	0.0017991032064993198	0.039541059389776256	7.167157174645024e-6	0.00003204665039320091	0.00020542495970173047
4.	7.641132260190183	0.4	0.	0.5023095011638237	0.4558936290775604	0.001797367761550377	0.03980405655185828	7.4895842945877395e-6	0.00003200945492218428	0.00018795586091266414
4.	7.732749037522062	0.4	0.	0.5009442204950858	0.45698802854668563	0.001795869165945295	0.04009865107894455	7.819912427131999e-6	0.000031976007767971474	0.00016541080091158483
4.	7.824365814853941	0.4	0.	0.49955752649756735	0.4580758306379366	0.0017945737217949505	0.040425229211960824	8.158279339639331e-6	0.000031945731688638883	0.0001386816514006295
4.	7.91598259218582	0.4	0.	0.4981521341039383	0.45915270828458105	0.0017934509566557815	0.040784497950834865	8.5048608671958e-6	0.00003191810218833078	0.00010870384312278158
4.	8.007599369517699	0.4	0.	0.49672994675156174	0.4602146512605697	0.0017924728769931498	0.04117752167685086	8.859877674119669e-6	0.0000318926345835082	0.00007654755635037175
4.	8.099216146849578	0.4	0.	0.49528515228956554	0.46125138749535566	0.0017915882783543795	0.04160519647203408	9.223478366518985e-6	0.00003186842735725393	0.00005745198632376575
4.	8.190832924181457	0.4	0.	0.49376955858027155	0.46226257471886173	0.0017907856863526271	0.04206221131334848	9.596272840555788e-6	0.000031843359028514844	0.00010527342832511444
4.	8.282449701513336	0.4	0.	0.4922323917677014	0.46324416235912724	0.0017900400501854408	0.042558086058193105	9.97846431623543e-6	0.00003181881448497849	0.00016534130047658746
4.	8.374066478845215	0.4	0.	0.4906811450131814	0.4641960992410301	0.0017893425608081308	0.04309716801905263	0.000010370640571111075	0.00003179480291089629	0.00022587452535662716
4.	8.465683256177092	0.4	0.	0.48911911207533126	0.4651182950821164	0.0017886848649907262	0.04368436336682223	0.000010773563486169556	0.00003177120851866685	0.00027877104725317764
4.	8.557300033508971	0.4	0.	0.4875484374828516	0.4660100753504964	0.0017880569229702323	0.04432596567306701	0.000011188197640342335	0.00003174788266137361	0.0003162763729744472
4.	8.64891681084085	0.4	0.	0.48596989403395835	0.46686988514121874	0.001787445852040409	0.04503018815974617	0.000011615785088550748	0.0000317246235678153	0.0003309710279478309
4.	8.74053358817273	0.4	0.	0.4843825082915753	0.4676948469734059	0.0017868342283482602	0.04580799397171393	0.000012057961476027614	0.00003170114650182906	0.0003157585734805124
4.	8.832150365504608	0.4	0.	0.48278292223724756	0.46848005816549254	0.0017861974168036589	0.04667445005715513	0.000012516944622968064	0.000031677036749013184	0.0002638551786782045
4.	8.923767142836486	0.4	0.	0.4811642657836924	0.469217398768701	0.0017854990685934999	0.047651058118367715	0.00001299585839052277	0.000031651670229792556	0.00016878240225483981
4.	9.015383920168365	0.4	0.	0.47951424228736855	0.46989354170613	0.0017846836360850972	0.04877008422012479	0.000013499335344438278	0.00003162408145653549	0.000023948814947050145
4.	9.107000697500244	0.4	0.	0.47781686142192425	0.4704915057392164	0.0017836823937988455	0.05008394110711668	0.00001403490430054351	0.00003159307104892456	1.e-10
4.	9.198617474832123	0.4	0.	0.47602462808044715	0.4709630338204882	0.00178230897413602	0.05168353933987157	0.000014615270229919286	0.00003155535687069291	1.e-10
4.	9.290234252164002	0.4	0.	0.4740362587335311	0.47120569314073146	0.0017801738077270896	0.05375526118402858	0.00001526621847195532	0.00003150406447403208	1.e-10
4.	9.38185102949588	0.4	0.	0.4258619551305669	0.417930643815997	0.0015762893578539128	0.05040758195939024	0.000014249342583720481	0.000027883842699683354	0.10420928039360824
4.	9.406924433874892	0.4	0.	0.29629150222486306	0.2911965008411865	0.0010978041230627889	0.03587859766920819	0.000010098861285706968	0.000019417350172253326	0.3755254962803938
4.	9.431997838253903	0.4	0.	0.4560329954093693	0.44883985701830736	0.001691370714562972	0.05679709855327124	0.000015877401540246813	0.000029912466683354458	0.036622800902948865
4.	9.457071242632916	0.4	0.	0.46664078067403214	0.45994158265150975	0.0017324489233314006	0.0603132842910078	0.000016683231750664333	0.00003063529522248266	0.01135522022836824
4.	9.482144647011927	0.4	0.	0.46681898145607637	0.46077616480678646	0.0017348415273626323	0.06563187373872961	0.000017387911272358382	0.00003067393858572625	0.005020750559772524
4.	9.507218051390938	0.4	0.	0.4617380548510422	0.459650440303535	0.0017298608528361122	0.07106596649109422	0.000018073259680092196	0.000030417600945135844	0.0057976042418123735
4.	9.532291455769949	0.4	0.	0.46346390088336764	0.46201756817054396	0.0017380300998200433	0.06819811930514875	0.00001743318353168038	0.00003055780331374675	0.004564948357587917
4.	9.55736486014896	0.4	0.	0.4644081926357731	0.463606818541923	0.001743273544493197	0.06638603767128293	0.000017270296255571906	0.000030646530226422655	0.003838407310272171
4.	9.582438264527973	0.4	0.	0.46481266224885553	0.46465657781837344	0.0017464908872269023	0.06540438050085984	0.000017202224298051753	0.000030699613966489145	0.003362686320386235
4.	9.607511668906984	0.4	0.	0.46500892337246374	0.46549657195404215	0.0017489234501581305	0.06470067990257461	0.000017178901897412084	0.00003073888401414392	0.0030277224188638985
4.	9.632585073285995	0.4	0.	0.46508216744288555	0.46621135300761485	0.0017508897074566395	0.0641597025157	0.000017181241679817628	0.00003076994193962481	0.0027787060846631434
4.	9.657658477665006	0.4	0.	0.4650770608810802	0.4668452686906474	0.001752556670516384	0.06372141157026569	0.00001720038646939076	0.00003079572528703142	0.002586501801020935
4.	9.682731882044017	0.4	0.	0.46501690624819136	0.46742144074658204	0.0017540114213548078	0.06335559011163272	0.00001723139527544123	0.00003081776591425438	0.0024348200769635647
4.	9.70780528642303	0.4	0.	0.46491639858607575	0.4679544566350549	0.0017553088850101699	0.06304212699525556	0.00001727126868600939	0.00003083703004904124	0.002314437629917593
4.	9.73287869080204	0.4	0.	0.4647843017513784	0.46845300730167316	0.0017564817866745506	0.06276846520927447	0.000017318008947913912	0.000030854093515025096	0.0022204259420514905
4.	9.757952095181052	0.4	0.	0.46462593674059216	0.46892235760708684	0.0017575499565086387	0.06252589095780332	0.000017370208356317854	0.00003086930538190711	0.0021508945296527804
4.	9.783025499560063	0.4	0.	0.4644440101103353	0.4693652786025396	0.0017585238487371662	0.06230798851577839	0.00001742681609633594	0.000030882845517951165	0.00210677210651318
4.	9.808098903939074	0.4	0.	0.4642343477138853	0.4697829086912734	0.0017594077856139718	0.06210866982977198	0.000017487041590087118	0.00003089459018232162	0.0020971789378652073
4.	9.833172308318087	0.4	0.	0.46399917401918417	0.47017186663378774	0.0017601891614457228	0.06192502043078457	0.000017550074383483913	0.000030904523276523845	0.002126199680414248
4.	9.858245712697098	0.4	0.	0.4637308569669898	0.4705243220501152	0.0017608387387738431	0.06175311590199059	0.00001761510451502107	0.000030912132469328216	0.0022132512376155655
4.	9.883319117076109	0.4	0.	0.46341046214523246	0.4708209211405979	0.0017612842153476192	0.06158815788078393	0.000017680988890555658	0.000030916149753708735	0.002401493629147447
4.	9.90839252145512	0.4	0.	0.46298799601507196	0.47101061238335895	0.0017613348623925704	0.061421688014521074	0.0000177454573104158	0.00003091322923799967	0.0028006232673450926
4.	9.933465925834131	0.4	0.	0.46230232234345764	0.4709288626414099	0.0017603760262854778	0.06123090678016815	0.000017801981421386912	0.00003089258728447273	0.003759730227257424
4.	9.958539330213144	0.4	0.	0.46058565250321354	0.4697915082987213	0.0017554785668669152	0.06091317929389892	0.00001782048546057356	0.000030802834031828214	0.006936360851838699
4.	9.983612734592155	0.4	0.	0.44828403235628944	0.4578369328970588	0.0017101836247923503	0.059206182174320124	0.00001742875042722133	0.000030004342381391643	0.03294524019711213
4.	10.008686138971166	0.4	0.	0.4189315377818215	0.42841108627498564	0.00159968869800364	0.055261233081087914	0.000016367884157004783	0.000028062282378274148	0.09578008627994428
4.	10.033759543350177	0.4	0.	0.45865652842581495	0.46963735296723147	0.0017529985316470562	0.06043306649111016	0.000018009534340708575	0.00003074787701859281	0.009502044049855711
4.	10.058832947729188	0.4	0.	0.4607551268108884	0.4723892135596199	0.0017626428091394402	0.060646856247503815	0.000018183451370058536	0.00003091319497400713	0.0044279771214783825
4.	10.083906352108201	0.4	0.	0.46106353259403066	0.4733067212374874	0.001765442975645428	0.06063003492727845	0.00001828863140123028	0.0000309584494335165	0.003215979634156832
4.	10.108979756487212	0.4	0.	0.46099695844017013	0.47383751194548	0.0017668040666354013	0.06056876320484418	0.000018380334489740644	0.000030978455222487954	0.0028115820083805254
4.	10.134053160866223	0.4	0.	0.46079668282268116	0.47422844863519115	0.0017676477147933467	0.06049444034471138	0.00001846792502658076	0.00003098937952038119	0.0026943125575963345
4.	10.159126565245234	0.4	0.	0.46052676942673143	0.474545040800435	0.0017682185128000422	0.06041515726657343	0.00001855383321874525	0.000030995513454428176	0.0027262601602413283
4.	10.184199969624245	0.4	0.	0.4602018859107749	0.47480216787910234	0.001768572121382905	0.060332540984275394	0.00001863854871618321	0.000030997834590135704	0.0028761945557483487
4.	10.209273374003258	0.4	0.	0.45980592311382773	0.4749829935947293	0.0017686460254722044	0.06024421418385132	0.000018721326204107948	0.000030995248989625234	0.0031795017559153524
4.	10.23434677838227	0.4	0.	0.459257597874448	0.4750031922478043	0.0017681265722283585	0.06013929885400464	0.000018798743494821382	0.00003098226266193492	0.0038129857080199114
4.	10.25942018276128	0.4	0.	0.45814017870638796	0.47443064990103023	0.0017654063669037615	0.05996305829229582	0.000018853506574052356	0.00003093071742797672	0.0056818532268082325
4.	10.284493587140291	0.4	0.	0.45074329160494764	0.46734255343717956	0.0017384554243921172	0.05896833205484467	0.000018648936787625355	0.000030454701154727567	0.021188718541848388
4.	10.309566991519302	0.4	0.	0.43872611330352795	0.45543748878162793	0.001693613989946533	0.05737289992785777	0.00001824980009976663	0.000029665430087191272	0.04675163419694005
4.	10.334640395898315	0.4	0.	0.4566167104601814	0.47458486736815614	0.0017642417531012456	0.05969079057745183	0.000019096954813588567	0.000030898664222165417	0.007324292886295769
4.	10.359713800277326	0.4	0.	0.4573505253700559	0.47592184297965145	0.0017686403078531188	0.059767404087647816	0.00001923163651041535	0.00003097180244231845	0.005172355618281367
4.	10.384787204656337	0.4	0.	0.45721408687574155	0.4763520336281061	0.0017696715979314463	0.059732549736339235	0.000019330705221711418	0.00003098596020742793	0.004912327456659919
4.	10.409860609035348	0.4	0.	0.4568712220802735	0.47656462705502806	0.0017698983764983412	0.05967291135826539	0.000019421758128660408	0.000030986026667399427	0.005101919371806075
4.	10.43493401341436	0.4	0.	0.45643219417907716	0.47667402018500143	0.001769746090205834	0.05960279792518722	0.00001950934210008205	0.000030979454755487894	0.005501732278428276
4.	10.460007417793372	0.4	0.	0.4559202458477414	0.47670417393744396	0.0017693039856455464	0.059525150231486974	0.000019594367124290264	0.00003096780919827213	0.006061531630557795
4.	10.485080822172383	0.4	0.	0.45533172822089596	0.47665101569362883	0.0017685571786008887	0.05943940253909608	0.000019676603697311402	0.000030950831578107976	0.006789619764080983
4.	10.510154226551395	0.4	0.	0.45464332648576017	0.47648984565538854	0.0017674142886096229	0.059342428864729437	0.00001975496506554635	0.00003092692504329367	0.007737229740446737
4.	10.535227630930406	0.4	0.	0.4537908429455326	0.4761529539057479	0.0017656245573884088	0.059225773312647466	0.000019826556520939104	0.0000308917050415213	0.009044978722162707
4.	10.560301035309418	0.4	0.	0.452513908263629	0.47536624049864845	0.0017621724428214895	0.05905538462834972	0.00001987980354333194	0.000030827410121306844	0.011282414363008038
4.	10.58537443968843	0.4	0.	0.4472953776956508	0.47042912733300934	0.0017433455617101546	0.05837220860265178	0.00001975901248290098	0.000030494197602445037	0.022140181794494958
4.	10.61044784406744	0.4	1.31616324502438e-10	0.44183044294058255	0.4652180733280672	0.0017235189641139296	0.057658409651505135	0.000019625414595064845	0.000030143582891169183	0.033549929569519917
4.	10.635521248446452	0.4	3.2466874824569403e-6	0.44858026055257705	0.47286810889969083	0.0017513410161762927	0.05854007258592912	0.00002003535805629329	0.00003062630350023331	0.018236934900087938
4.	10.660594652825463	0.4	0.000017746672011954617	0.4470954467607273	0.4718422555670384	0.0017470273904519192	0.05834851681508233	0.00002007945816172428	0.00003054700378240397	0.02092892733652637
4.	10.685668057204474	0.4	0.00004782369899456845	0.44442639245358806	0.4695598490342122	0.0017380689447396229	0.05800373396796276	0.00002006998862476095	0.000030386517602055902	0.02620406191187799
4.	10.710741461583487	0.4	0.00009605050532120853	0.44036832419481825	0.4658000607525436	0.0017236524955758213	0.057478901467952356	0.000019996747824154682	0.000030130660885970144	0.03451301383596457
4.	10.735814865962498	0.4	0.000163488716388444	0.43391199862531954	0.45948922127895797	0.0016998107812347845	0.05664215469225031	0.00001981258666561119	0.000029710128231422803	0.048073513319183234
4.	10.760888270341509	0.4	0.0002485894895776861	0.42267271808606016	0.44809071713730725	0.0016571706070035138	0.05518197055741154	0.000019406174147894842	0.00002896117377785356	0.0721294279484919
4.	10.78596167472052	0.4	0.00034285969385322086	0.40055201514753175	0.42511515835369856	0.0015717549003684663	0.052301686525184195	0.000018492283926370674	0.000027464945571603168	0.12009803309543748
4.	10.811035079099533	0.4	0.00041525154062673066	0.3508806099036086	0.3728128502848983	0.0013779929239835383	0.04582353419821779	0.000016288700827409405	0.000024076085710399947	0.22867347244783767
4.	10.836108483478544	0.4	0.00039370870989541274	0.25024432403320385	0.266181265335405	0.0009835861307800084	0.03268694349499974	0.000011681162844233612	0.000017182891831243423	0.44949849113287177
4.	10.861181887857555	0.4	0.0004847286154096224	0.2390437649341962	0.25454838299871246	0.0009403400994231153	0.03123032957726575	0.00001122000777449473	0.000016425317642161556	0.47374123376721833
4.	10.886255292236566	0.4	0.000863699201314378	0.33885913858272204	0.3612349324035919	0.0013340894637963628	0.04428079621474261	0.00001599292078668271	0.000023300150738576186	0.25341135121304603
4.	10.911328696615577	0.4	0.0012081438192342692	0.3849908595011713	0.4108625274636078	0.0015169568709941818	0.05032126107886886	0.000018270508374193826	0.000026490610170220728	0.15108198075774945
4.	10.936402100994588	0.4	0.0015011440619929735	0.39535720707193817	0.4223858170985107	0.0015590799713077281	0.05168961049111314	0.000018866012928100924	0.00002722275468618803	0.12748827529220919
4.	10.9614755053736	0.4	0.0017379876636372837	0.3839659407519984	0.4106614282155295	0.001515396269608251	0.05021416597415843	0.00001842348989767358	0.000026456649131685438	0.1518866576351705
4.	10.986548909752612	0.4	0.0019139125910289157	0.35925612465449236	0.3846492968818837	0.0014190292244871854	0.046996440793912596	0.00001733286859764705	0.00002477107812507077	0.2057478629855976
4.	11.011622314131623	0.4	0.002232486035083725	0.36003930858705757	0.38590308977926957	0.0014232775570895155	0.04711346780551024	0.000017466321555509973	0.0000248420891154645	0.20327090391443384
4.	11.036695718510634	0.4	0.0027941811282696074	0.3909790002477967	0.41951489206480014	0.0015468368873758128	0.051178780072478586	0.000019071651841844333	0.000026995288875985048	0.13396723794743737
4.	11.061769122889647	0.4	0.0033850624932229094	0.41455075099741573	0.44528218969224764	0.0016414176185282306	0.054282818273751705	0.00002033264554346263	0.000028642274032460543	0.08083742827929027
4.	11.086842527268658	0.4	0.0039559001383161485	0.4273042736678937	0.4594693993664951	0.0016932762386932412	0.05597277065839064	0.000021073301115889418	0.000029543447029974593	0.05158330662909527
4.	11.111915931647669	0.4	0.004525565097189017	0.43418131878373034	0.46735867973016687	0.0017219074637859577	0.05689474622118434	0.000021529967040209415	0.000030039182500612304	0.03529625273690324
4.	11.13698933602668	0.4	0.0051087877389480426	0.4380816210504694	0.4720544937574393	0.001738764310698507	0.05742803813612666	0.000021842472755008587	0.000030329410538297738	0.025566452533563072
4.	11.162062740405691	0.4	0.005713168098078705	0.4403858131894459	0.47503593264590555	0.0017493025582641037	0.05775326179542289	0.00002207761598610016	0.000030509362840212955	0.019340444096896635
4.	11.187136144784702	0.4	0.006342477306804361	0.44176987430914977	0.4770274909780808	0.0017561942912661488	0.05795885114951768	0.000022268168393172037	0.000030625678936951885	0.015122843796788077
4.	11.212209549163715	0.4	0.006998578022962858	0.4425872115080892	0.47840805962455135	0.001760836821840852	0.058091036181325786	0.000022431286434324267	0.00003070274720813236	0.01213184655479558
4.	11.237282953542726	0.4	0.007682341246011236	0.4430351395984787	0.4793892335502344	0.0017640104379304162	0.05817562258730766	0.000022576556898971655	0.00003075418632218983	0.009931076023138696
4.	11.262356357921737	0.4	0.008394087808232762	0.44323041584869755	0.48009624412273916	0.001766176921289471	0.05822787475287276	0.000022709654442411652	0.0000307880558332286	0.008262490891725843
4.	11.287429762300748	0.4	0.00913381166373119	0.4432456594708937	0.48060699251624356	0.0017676235114169431	0.05825728119746912	0.00002283410772507165	0.000030809368967727	0.0069657975325204055
4.	11.312503166679761	0.4	0.009901299438348143	0.44312800168208155	0.48097204319815745	0.0017685366416005162	0.05826999508075943	0.000022952204956068162	0.00003082137959715135	0.005937171754096818
4.	11.337576571058772	0.4	0.0106961981699171	0.442909171816205	0.4812254388753056	0.0017690418223918506	0.058270154156385395	0.000023065484148257746	0.00003082627833786024	0.005106929675646833
4.	11.362649975437783	0.4	0.011518055847491394	0.4426112207314931	0.48139083866440685	0.0017692262769474969	0.05826062977918787	0.000023175011588677613	0.000030825587604433946	0.004426853688884555
4.	11.387723379816794	0.4	0.012366346979685994	0.4422499080044342	0.4814851514011149	0.001769152338762546	0.058243470229437204	0.000023281546792330993	0.000030820395434586076	0.003862689499772823
4.	11.412796784195805	0.4	0.013240489560698194	0.441836781619232	0.4815207668225263	0.0017688656787549857	0.05822017286356124	0.00002338564386997728	0.00003081149907001628	0.0033895378113572433
4.	11.437870188574816	0.4	0.014139856890603522	0.441380496655414	0.48150697054663233	0.001768400522538968	0.05819185673512019	0.000023487715858754494	0.00003079949600758632	0.0029889309338322068
4.	11.46294359295383	0.4	0.015063776500682543	0.4408874207101075	0.48145090925020967	0.0017677832084240918	0.05815931279898983	0.000023588080805079518	0.00003078483475992207	0.0026472094507812433
4.	11.48801699733284	0.4	0.016011487114162334	0.4403610615820357	0.4813583983988002	0.0017670351622169173	0.05812279770309263	0.000023687008466804188	0.00003076781564151551	0.0023555330312254874
4.	11.513090401711851	0.4	0.016982340375343498	0.4398074412303271	0.48123352265692476	0.0017661714367574206	0.05808330530198832	0.000023784659510087182	0.0000307487868844303	0.0021034343391487867
4.	11.538163806090862	0.4	0.017975599510862413	0.4392298751519614	0.48107983599209	0.0017652051230163403	0.058041257439503044	0.000023881186908184067	0.000030727977266969	0.0018843455956587124
4.	11.563237210469875	0.4	0.018990511382977908	0.4386310846557695	0.4809002557767941	0.0017641469640800444	0.05799699849750085	0.000023976714917534314	0.00003070557457998372	0.0016930260079600842
4.	11.588310614848886	0.4	0.02002630960520934	0.43801333760982997	0.48069721392887693	0.0017630059123209549	0.05795081380124129	0.000024071345976445762	0.000030681735349916484	0.001525247796545122
4.	11.613384019227897	0.4	0.02108221728443911	0.437378551448118	0.4804727675327872	0.00176178953719062	0.0579029431365271	0.000024165165756928135	0.00003065659195499827	0.0013775658951809822
4.	11.638457423606908	0.4	0.022157449473407705	0.43672836960688977	0.4802286809310957	0.0017605043278382455	0.057853590723449956	0.0000242582469160596	0.000030630257906035656	0.001247146690402559
4.	11.66353082798592	0.4	0.023251215386195626	0.4360642188621651	0.4799664873033077	0.0017591559201141026	0.05780293272841703	0.000024350651910370086	0.000030602831807672366	0.0011316391478899332
4.	11.68860423236493	0.4	0.024362720417714177	0.43538735282529484	0.4796875353756829	0.0017577492687640395	0.05775112295880201	0.000024442435131540182	0.00003057440036322691	0.0010290767186104388
4.	11.713677636743943	0.4	0.025491167996090688	0.4346988852668732	0.4793930252024708	0.0017562887793417955	0.057698297192726386	0.00002453364454185629	0.00003054504067661761	0.000937801917955311
4.	11.738751041122955	0.4	0.02663576128669776	0.43399981583893543	0.479084035776815	0.0017547784100083751	0.05764457658578485	0.000024624322935726185	0.000030514822028851587	0.000856407778822843
4.	11.763824445501966	0.4	0.027795704766967147	0.4332910501383726	0.4787615465594924	0.0017532217509147413	0.05759007025207787	0.000024714508922960673	0.000030483807263369842	0.0007836920232523123
4.	11.788897849880977	0.4	0.028970205681216443	0.4325734154322157	0.4784264543425093	0.0017516220863925108	0.057534877347580934	0.000024804237697044368	0.000030452053871434707	0.00071862087238804
4.	11.81397125425999	0.4	0.030158475387040147	0.43184767309216776	0.4780795865737104	0.0017499824441028337	0.05747908866042713	0.0000248935416415686	0.00003041961484997281	0.000660300300910098
4.	11.839044658639	0.4	0.03135973059911802	0.431114528464044	0.4777217119212354	0.001748305634014885	0.0574227879394514	0.00002498245080897585	0.000030386539381986443	0.000607952991327293
4.	11.864118063018012	0.4	0.03257319453964776	0.43037463878155846	0.47735354873413594	0.0017465942796317515	0.05736605287867961	0.000025070993302843984	0.00003035287338171109	0.0005608997930435997
4.	11.889191467397023	0.4	0.033798097997082895	0.42962861950121706	0.47697577180246026	0.0017448508429515504	0.057308955988615164	0.000025159195580991145	0.00003031865993049384	0.000518544672092093
4.	11.914264871776034	0.4	0.035033680302511194	0.42887704945186284	0.4765890178420933	0.0017430776447292214	0.05725156521940844	0.000025247082700048596	0.000030283939630689596	0.0004803624566950271
4.	11.939338276155045	0.4	0.036279190222553326	0.4281204749815966	0.47619388989853656	0.0017412768807565722	0.05719394453965182	0.00002533467850964144	0.00003024875089011437	0.0004458887983954732
4.	11.964411680534058	0.4	0.03753388677866322	0.4273594133773318	0.4757909609684703	0.0017394506352594197	0.0571361543426822	0.00002542200581012943	0.00003021313015620463	0.0004147118917830206
4.	11.989485084913069	0.4	0.03879703999062812	0.4265943556384336	0.47538077692432	0.001737600891727891	0.057078251836812234	0.000025509086477987175	0.00003017711210541703	0.00038646563160014274
4.	12.01455848929208	0.4	0.040067931694788735	0.4258257702974157	0.47496386062527546	0.0017357295480668882	0.05702029151218963	0.000025595941658745057	0.000030140729907501437	0.000360820380604851
4.	12.03963189367109	0.4	0.04134585652825203	0.4250541089375076	0.47454071794758984	0.0017338384387385805	0.056962325901998595	0.000025682592069036873	0.000030104015610969357	0.0003374696538442079
4.	12.064705298050104	0.4	0.04263012144618828	0.4242797967254975	0.4741118271052543	0.0017319292958363844	0.0569044042759563	0.00002576905739926046	0.00003006699946809113	0.0003161520938680107
4.	12.089778702429115	0.4	0.043920046644158536	0.423503238864753	0.47367764571966925	0.0017300037750274699	0.056846573508223454	0.00002585535666916332	0.00003002971038641304	0.00029663613149917556
4.	12.114852106808126	0.4	0.0452149660565887	0.4227248225011122	0.47323861283958035	0.0017280634630231777	0.05678887832505747	0.00002594150831695462	0.00002999217605932528	0.0002787153063211409
4.	12.139925511187137	0.4	0.046514227728814556	0.42194491767138154	0.47279514990082894	0.0017261098811683895	0.05673136142111455	0.000026027530232489155	0.00002995442302917831	0.0002622058664595722
4.	12.164998915566148	0.4	0.04781719413833527	0.42116387812503886	0.47234766155052865	0.0017241444885302936	0.0566740635482566	0.000026113439783863795	0.00002991647674166429	0.00024694470952643655
4.	12.190072319945159	0.4	0.04912324246423816	0.4203820420109754	0.4718965363255428	0.0017221686844503747	0.056617023622149466	0.000026199253837413783	0.000029878361590843277	0.00023278763880645037
4.	12.215145724324172	0.4	0.050431764812490225	0.41959973249691396	0.47144214726024175	0.0017201838108340498	0.05656027877559458	0.00002628498877430303	0.000029840100959583452	0.00021960785515107162
4.	12.240219128703183	0.4	0.05174216839548376	0.41881725830035615	0.47098485239924126	0.0017181911540897232	0.056503864440136935	0.000026370660502557016	0.000029801717253888832	0.0002072946501895795
4.	12.265292533082194	0.4	0.053053875671102126	0.4180349141694472	0.4705249952576627	0.0017161919468729866	0.05644781438905803	0.000026456284466750888	0.000029763231933820815	0.00019575228139020323
4.	12.290365937461205	0.4	0.05436632444212088	0.4172529813109041	0.4700629052253102	0.0017141873696231318	0.056392160793858975	0.00002654187565515456	0.000029724665540793804	0.0001848989825275829
4.	12.315439341840218	0.4	0.05567896791843866	0.41647172777591607	0.4695988979266661	0.0017121785519357078	0.05633693427182903	0.000026627448604642922	0.000029686037722006715	0.00017466610660989146
4.	12.340512746219229	0.4	0.05699127474630995	0.41569140882568756	0.46913327556082823	0.001710166573859339	0.05628216392027055	0.0000267130174051275	0.000029647367253541515	0.0001649973556393028
4.	12.36558615059824	0.4	0.05830272900398854	0.41491226726065694	0.46866632720319246	0.001708152467050625	0.056227877360097954	0.000026798595701921903	0.00002960867206098375	0.00015584810931146276
4.	12.390659554977251	0.4	0.059612830167908304	0.4141345337338208	0.46819832909169296	0.0017061372158704898	0.05617410077120605	0.000026884196697719384	0.000029569969239011273	0.0001471848228036185
4.	12.415732959356262	0.4	0.06092109305267948	0.413358427059452	0.4677295449102423	0.001704121758468162	0.05612085890371318	0.000026969833154527853	0.000029531275070752775	0.00013898448229032745
4.	12.440806363735273	0.4	0.06222704772047982	0.41258415447586394	0.4672602260224863	0.001702106987682051	0.05606817515887154	0.00002705551739336739	0.000029492605043958042	0.00013123411722298917
4.	12.465879768114286	0.4	0.06353023937282692	0.4118119119415083	0.4667906117454092	0.0017000937520838964	0.05601607156917058	0.000027141261296157014	0.000029453973869636732	0.00012393035770489474
4.	12.490953172493297	0.4	0.06483022821620803	0.4110418843938741	0.4663209295829808	0.0016980828568754231	0.05596456885135537	0.00002722707630573835	0.000029415395498127204	0.00011707902240048335
4.	12.516026576872308	0.4	0.06612658930895304	0.4102742460118081	0.4658513954656896	0.0016960750648046397	0.055913686432694995	0.000027312973426466158	0.000029376883135491953	0.00011069474262308254
4.	12.54109998125132	0.4	0.06741891238956711	0.40950916047192537	0.46538221398536384	0.00169407109706322	0.05586344247510271	0.00002739896322488993	0.000029338449259572024	0.00010480061775282323
4.	12.566173385630332	0.4	0.06870680168846643	0.40874678120193914	0.4649135786284377	0.0016920716341764998	0.055813853904635106	0.00002748505583035861	0.000029300105635900127	0.00009942788651477741
4.	12.591246790009343	0.4	0.06998987572441688	0.4079872516298995	0.46444567200647285	0.0016900773168818256	0.05576493644115141	0.000027571260935914156	0.000029261863333398826	0.00009461562024164205
4.	12.616320194388354	0.4	0.071267767087914	0.4072307054342044	0.4639786660894312	0.0016880887470152803	0.05571670461886764	0.000027657587799434814	0.00002922373274021049	0.00009041043476795685
4.	12.641393598767365	0.4	0.07254012221134912	0.4064772667854171	0.4635127224314617	0.001686106488369579	0.055669171820678896	0.000027744045244821077	0.00002918572357901545	0.00008686621747885925
4.	12.931083530086722	0.4	0.08673872460213432	0.39802789308094727	0.45824777185333854	0.0016638044296560554	0.05517379292169484	0.00002875479768554872	0.000028757834516021007	0.0001192583145435272
4.	13.220773461406079	0.4	0.0997787996725198	0.39015713691274434	0.45335298716488187	0.0016431347906793513	0.05478929073735996	0.000029797287748791828	0.000028359541973145515	0.0002488534340659432
4.	13.510463392725436	0.4	0.11149020603984774	0.38303090036940773	0.4490623182797472	0.0016249098215833267	0.05453597886905865	0.000030889119669493345	0.000028004496997071066	0.00022479750068583187
4.	13.800153324044793	0.4	0.12181695866970489	0.37663303610209337	0.44538017191755014	0.0016091113683891264	0.054411990441621275	0.000032034527936257474	0.00002769262158057657	0.00011669697270495771
4.	14.08984325536415	0.4	0.13077959073835085	0.3708790146254687	0.44223817990567477	0.0015954626801129206	0.054405244468655876	0.00003323281992512421	0.00002741899755115739	0.00006927476181169123
4.	14.379533186683506	0.4	0.13847056219000534	0.3657268489327305	0.43961432844394666	0.0015838588396401875	0.05451005140056201	0.000034486417810104176	0.000027181669038930776	0.000059863775305181444
4.	14.669223118002863	0.4	0.14501288343008814	0.3611289593224699	0.4374769685728949	0.0015741635632811502	0.05472016273453795	0.000035796984408583756	0.00002697814155165736	0.00005106539231942986
4.	14.95891304932222	0.4	0.15053344600911908	0.35701822209516776	0.4357720019038574	0.001566162910133287	0.05502602558895737	0.000037164161766475614	0.000026804452713745573	0.000046977330998551614
4.	15.248602980641577	0.4	0.15515943855603667	0.3533330899852709	0.4344438198330308	0.0015596405050009971	0.05541923155373138	0.00003858693061450864	0.000026656778435752642	0.00004619263631473747
4.	15.538292911960934	0.4	0.15901209670438649	0.35001954709588373	0.433438056542852	0.0015543870463509662	0.0558928401476189	0.00004006378415738598	0.000026531597875528976	0.000043008678750580676
4.	15.82798284328029	0.4	0.16220005804679047	0.34702530525320485	0.4327043197199296	0.0015502097283582711	0.056439530594170464	0.00004159303301414996	0.000026425538523854045	0.00003898362453214066
4.	16.117672774599647	0.4	0.1648198718360253	0.34430417524699947	0.43219756794275643	0.0015469368164678166	0.05705268202010407	0.000043172939258170467	0.000026335597679415055	0.000035593198388785
4.	16.407362705919002	0.4	0.1669564298609962	0.341816848292097	0.4318794838912972	0.0015444222334634258	0.0577265260384251	0.0000448019190765235	0.00002625921839620844	0.00003148776464443476
4.	16.69705263723836	0.4	0.16868156610154886	0.3395264895621254	0.4317169206150455	0.0015425397097009977	0.05845505098560526	0.00004647849749122403	0.000026194068118245918	0.000030954528482785015
4.	16.986742568557716	0.4	0.17005883993980175	0.33740520485287523	0.431680280305104	0.0015411767619044798	0.05923416964518028	0.000048201123043873384	0.0000261382645872102	0.000032127372090358375
4.	17.276432499877075	0.4	0.17114256470813582	0.33542944141739195	0.43174473324964596	0.0015402388633357453	0.060060331032496694	0.000049968403989008445	0.000026090224510840643	0.000032722325004765074
4.	17.56612243119643	0.4	0.17197838659481093	0.33357839180686616	0.4318896237414662	0.001539647156246911	0.06093012966256787	0.00005177912173740337	0.000026048582897353258	0.000032041916304473284
4.	17.85581236251579	0.4	0.1726047263756646	0.33183406930540693	0.432097179993186	0.0015393337166986598	0.06184049837485616	0.00005363212734288769	0.000026012162017438993	0.00003056010684479582
4.	18.145502293835143	0.4	0.17305401486643815	0.3301812774236898	0.4323526189233022	0.0015392418219126373	0.06278872901169107	0.00005552640041473479	0.000025979974980356493	0.000028591552551471278
4.	18.435192225154502	0.4	0.1733526289381414	0.3286055608642488	0.43264461835269685	0.001539327537226901	0.06377175382131263	0.000057461186701787376	0.000025951154211175052	0.000028649299671570927
4.	18.724882156473857	0.4	0.17352461405550007	0.32709780893245727	0.43296210249253353	0.0015395481996994893	0.064788125609454	0.0000594355495435836	0.00002592505700583256	0.000028365160812046653
4.	19.014572087793216	0.4	0.17358941285207824	0.3256488887935617	0.4332960289694792	0.0015398687260117186	0.06583604364939578	0.00006144868712186048	0.000025901091184858795	0.000028308322351372484
4.	19.30426201911257	0.4	0.17356347563870478	0.3242512196801562	0.43363940117368716	0.0015402616013851763	0.06691389866120302	0.00006349995620102623	0.000025878782355853745	0.00002824328866259107
4.	19.59395195043193	0.4	0.17346072087879877	0.3228984722379058	0.43398664491767736	0.0015407046182873076	0.06802026368768599	0.0000655888165381991	0.000025857744615314665	0.000027604843106515675
4.	19.883641881751284	0.4	0.1732926523290184	0.32158484732293485	0.43433297421942807	0.0015411785888748565	0.06915372042579168	0.00006771476265599045	0.000025837632924852004	0.000026912351296135006
4.	20.17333181307064	0.4	0.17306849259503293	0.3203045939629267	0.43467482178019023	0.0015416688442795748	0.0703126163000324	0.00006987430327552713	0.00002581813433798387	0.000027932214262629818
4.	20.463021744389998	0.4	0.17279743840565306	0.319055177886923	0.43500882979103	0.0015421616290686433	0.07149644473338629	0.0000720670503711618	0.000025799076736073443	0.00002788050356780647
4.	20.752711675709357	0.4	0.1724864665693233	0.31783302162552235	0.4353320743220958	0.0015426448794075534	0.07270420921948748	0.00007429432293499094	0.00002578025313833426	0.00002728906122850816
4.	21.04240160702871	0.4	0.17214144231560682	0.31663497148024944	0.43564210019898303	0.0015431083297683848	0.07393499412125568	0.00007655559977042072	0.000025761485485530144	0.000026827954366315243
4.	21.332091538348067	0.4	0.17176749320480175	0.3154585936561399	0.435937348557963	0.001543545011507248	0.07518801599902575	0.00007885046880530822	0.000025742649830467528	0.000026153101757034336
4.	21.621781469667425	0.4	0.17136879138339833	0.3143014782454414	0.43621675033700785	0.0015439497975135211	0.07646217223256663	0.00008117857710161373	0.000025723634891750685	0.000025679426970695585
4.	21.911471400986784	0.4	0.17094874664925652	0.31316128357845463	0.4364791528913433	0.0015443173613343428	0.0777566827497588	0.00008353952765457084	0.00002570432835131366	0.00002627724219782246
4.	22.20116133230614	0.4	0.17051088481876459	0.31203701853252735	0.4367234603459499	0.0015446426662009257	0.07907124589910935	0.00008593289036694714	0.000025684676571820897	0.000026814847080947057
4.	22.490851263625494	0.4	0.17005796462042294	0.31092740035719313	0.4369491820211612	0.0015449228965689662	0.08040535865068937	0.00008835833615670218	0.000025664628984200905	0.00002681311780766693
4.	22.780541194944853	0.4	0.16959222745281913	0.3098310909688621	0.43715570896627387	0.001545154891036317	0.08175851613373028	0.00009081549402030908	0.000025644128190610847	0.000026486093258046295
4.	23.07023112626421	0.4	0.16911556737883712	0.30874687430185394	0.4373425655731062	0.001545336026427137	0.08313025789090132	0.00009330400093958951	0.000025623124726447352	0.00002609482793468343
4.	23.359921057583566	0.4	0.16862959010802184	0.3076736870811766	0.43751007797118024	0.0015454665729646175	0.0845194562739136	0.00009582365656542001	0.000025601597031180154	0.000025898336177707093
4.	23.64961098890292	0.4	0.16813575267542064	0.3066106948945687	0.4376580422896722	0.0015455449826458129	0.08592569153725813	0.00009837413475816089	0.00002557951790830472	0.00002589948567641165
4.	23.93930092022228	0.4	0.16763542271264456	0.3055573387141702	0.4377861042806698	0.001545569228114266	0.0873486799563204	0.0001009550582917906	0.000025556867305856718	0.000025930049789013587
4.	24.22899085154164	0.4	0.1671296677411152	0.30451294299238946	0.4378942451338473	0.001545538514243709	0.08878796937812845	0.00010356611759825689	0.00002553362866138032	0.000026070122677704366
4.	24.518680782860994	0.4	0.16661947812379627	0.3034770350526243	0.43798271921274967	0.0015454530533894467	0.0902431707587463	0.00010620706114978575	0.000025509801221083467	0.000025936737544141053
4.	24.80837071418035	0.4	0.1661056249596411	0.30244903782097865	0.4380516151213766	0.0015453125126515077	0.09171388597762012	0.00010887759458090791	0.00002548537441101923	0.000025646013151137126
4.	25.098060645499707	0.4	0.16558852348846223	0.30142801518264284	0.4381011088920764	0.0015451169047565536	0.09319972654914126	0.00011157744537988654	0.000025460323570596363	0.0000259315375408381
4.	25.387750576819066	0.4	0.16506902106783525	0.3004139723495332	0.43813157258300434	0.0015448669680236974	0.09470024877486045	0.00011430637937063902	0.00002543467045707588	0.000026011877372389414
4.	25.67744050813842	0.4	0.16454769252823118	0.29940661731021273	0.4381431090507743	0.0015445625231900162	0.09621514779134153	0.00011706409350701804	0.000025408415808248752	0.000025806702743186305
4.	25.967130439457776	0.4	0.1640249402110589	0.2984055197571129	0.4381358172145853	0.001544203407234138	0.0977440434740018	0.00011985028046244084	0.00002538155364882983	0.000025625655544453396
4.	26.256820370777135	0.4	0.16350115258911951	0.29741036642600965	0.43810995698484667	0.0015437900525357732	0.09928659656321634	0.00012266467303010967	0.00002535408718696588	0.000025472711242049972
4.	26.54651030209649	0.4	0.16297668482371255	0.2964209070529953	0.438065872652291	0.0015433232145349262	0.10084259415526928	0.00012550702747637842	0.00002532602434018128	0.000025111073720579524
4.	26.836200233415845	0.4	0.16245161204348252	0.29543652155582684	0.4380039451849924	0.0015428038017313316	0.10241143192675375	0.00012837711740636316	0.000025297357117404335	0.000025308369806895104
4.	27.125890164735203	0.4	0.1619263791751251	0.29445728777466157	0.4379243113363755	0.0015422318848122203	0.10399294128038239	0.00013127463569856458	0.000025268101507633146	0.000025573912944679145
4.	27.415580096054562	0.4	0.16140126603771832	0.2934830945834565	0.4378273640094862	0.0015416084578287058	0.10558685902369522	0.00013419935479580376	0.000025238271854801177	0.000025608533019319535
4.	27.705270027373917	0.4	0.1608764573919948	0.292513731151931	0.43771336678377	0.0015409340790113904	0.10719288708506552	0.0001371510105203797	0.000025207874145939557	0.000025472497706902075
4.	27.994959958693272	0.4	0.16035208558218286	0.29154895436941014	0.43758252906057893	0.001540209134450807	0.10881076822257436	0.00014012932177206915	0.000025176911098709245	0.00002532430903079419
4.	28.28464989001263	0.4	0.15982828281919204	0.2905885805730474	0.43743522618366343	0.0015394346117652785	0.11044019674832782	0.00014313406154265585	0.000025145392366872636	0.00002514500246135476
4.	28.57433982133199	0.4	0.15930510140457926	0.289632340501259	0.43727191107041774	0.001538611787618014	0.11208071977187105	0.00014616503444574464	0.00002511332558531297	0.000025150429809175923
4.	28.864029752651344	0.4	0.15878274899817474	0.28868024984079166	0.4370926902815074	0.0015377407351021032	0.11373220796211553	0.0001492219269329737	0.000025080721385816853	0.00002514025537561637
4.	29.153719683970703	0.4	0.1582613064031488	0.28773215217283676	0.4368977988605725	0.0015368219940633699	0.11539439044284801	0.00015230447027137428	0.000025047585962001437	0.000025225656259092455
4.	29.443409615290058	0.4	0.1577408851986558	0.2867879805640624	0.4366876040309809	0.0015358565828892366	0.11706707422897407	0.00015541244339643332	0.000025013932950087264	0.00002518695104108959
4.	29.733099546609417	0.4	0.15722155307580019	0.28584761797731456	0.4364623940792771	0.0015348452549734022	0.11874998715190951	0.00015854560126918045	0.000024979771318223402	0.000025056859455960256
4.	30.02278947792877	0.4	0.1567033183454627	0.28491087295829715	0.436222481512898	0.00153378886089231	0.12044277669716522	0.0001617038667709635	0.000024945107102120947	0.00002505775851373293
4.	30.31247940924813	0.4	0.15618623103269952	0.28397764909554324	0.43596824071375556	0.0015326884800345444	0.12214517079129268	0.00016488873538221286	0.000024909952118089206	0.000025131151292240306
4.	30.602169340567485	0.4	0.1556704129951946	0.2830479832320973	0.43569989184832614	0.0015315446602341284	0.12385704044325074	0.00016809815451036234	0.000024874319794967972	0.00002502866638670609
4.	30.891859271886844	0.4	0.15515587303306624	0.28212173690525627	0.43541761226181813	0.001530357809042526	0.12557817600476878	0.00017133183749967024	0.000024838214242210156	0.00002491214854838386
4.	31.1815492032062	0.4	0.15464263976974132	0.2811988242297253	0.4351216573881808	0.0015291286181607795	0.12730829796667242	0.00017458952831850917	0.0000248016439227497	0.0000248624992008617
4.	31.471239134525554	0.4	0.15413076932103442	0.28027922407757394	0.43481238077496365	0.0015278581331009552	0.12904719524776725	0.00017787101293449014	0.00002476462277958785	0.000024701432625340303
4.	31.760929065844913	0.4	0.15362022403851638	0.27936276652468633	0.434490073936383	0.0015265471898269164	0.13079454890140546	0.00018117605799433475	0.000024727156088521495	0.000024663351187559357
4.	32.050618997164264	0.4	0.15311102578009533	0.27844938897323507	0.4341549391933126	0.0015251963190129473	0.13255016699375874	0.00018450439360927947	0.000024689251392773762	0.000024778346975923293
4.	32.34030892848362	0.4	0.1526032481937108	0.2775391292376173	0.4338072447402298	0.0015238062904806855	0.13431391042188762	0.00018785577846880015	0.000024650922501685195	0.000024805337604988376
4.	32.62999885980298	0.4	0.15209691268539702	0.27663194562847065	0.4334472531588682	0.001522377861583823	0.1360855568714873	0.00019122997283069855	0.000024612179299383813	0.000024723821362315768
4.	32.91968879112234	0.4	0.15159201707828976	0.27572776212471295	0.4330751716501559	0.0015209116020583867	0.1378648835038597	0.00019462671515114335	0.000024573028432429903	0.00002462732577213078
4.	33.2093787224417	0.4	0.1510885671715444	0.2748265249057685	0.4326912404212035	0.0015194082041380794	0.13965168464614328	0.00019804576043784124	0.000024533478336259864	0.000024528890764458078
4.	33.49906865376106	0.4	0.15058653485800566	0.27392813426280943	0.43229580743155815	0.0015178687446033656	0.14144568689081327	0.00020148691808750073	0.000024493538164716354	0.000024480894122574925
4.	33.78875858508041	0.4	0.15008595438989333	0.2730325930211717	0.43188903029543557	0.0015162936377070893	0.14324673023659718	0.00020494991087178233	0.000024453216423457898	0.000024448508323254847
4.	34.07844851639977	0.4	0.14958683181980326	0.27213986235510523	0.43147108051268007	0.0015146833521554343	0.14505463090937515	0.00020843446922230884	0.000024412519974799088	0.000024476581658605667
4.	34.36813844771912	0.4	0.14908918683798042	0.27124993563285404	0.4310422259353059	0.0015130387002703746	0.14686921324930896	0.0002119403722139633	0.00002437145970330516	0.000024459272066373883
4.	34.65782837903848	0.4	0.1485930221139068	0.2703627798784283	0.4306026916721156	0.001511360349361071	0.14869029890711913	0.00021546738190408136	0.000024330043997046684	0.000024379697164927938
4.	34.947518310357836	0.4	0.14809833172111087	0.2694783507301	0.4301526851166705	0.001509648909380044	0.15051767296469723	0.00021901525441754056	0.0000242882801251629	0.000024295303623772524
4.	35.237208241677195	0.4	0.14760507188181862	0.26859654709811187	0.4296924968406867	0.0015079052867756882	0.15235104998343355	0.00022258379296943913	0.000024246174907386014	0.000024345116204194106
4.	35.52689817299655	0.4	0.14711330405452328	0.26771744418538806	0.4292223089789412	0.001506130011774888	0.15419036002672246	0.00022617274629745798	0.000024203740248828745	0.000024279996352599698
4.	35.81658810431591	0.4	0.1466230141114898	0.26684099138450196	0.42874228085029065	0.0015043235387499638	0.15603541915722408	0.00022978185439909856	0.0000241609815168903	0.000024189103344507412
4.	36.10627803563526	0.4	0.14613419166489794	0.2659671477292028	0.4282525859823337	0.0015024863759471342	0.15788602688438963	0.00023341086638998032	0.000024117904823274292	0.000024150496838765134
4.	36.39596796695462	0.4	0.14564684988363358	0.2650959177059228	0.4277534700740124	0.0015006192886169148	0.1597420200382252	0.0002370595733979922	0.000024074520285871637	0.00002406343619115736
4.	36.68565789827397	0.4	0.14516097561678715	0.26422726178409334	0.42724513984662166	0.0014987229088419744	0.16160320231272915	0.00024072774965896263	0.0000240308348234587	0.000023969781267813017
4.	36.97534782959333	0.4	0.14467653658895285	0.2633611097961005	0.42672779524740434	0.0014967978483800119	0.163469344250554	0.00024441516941556165	0.00002398685365416632	0.000024001099192733077
4.	37.26503776091269	0.4	0.14419356767651967	0.2624975054666856	0.42620160043234456	0.0014948445967396	0.16534034386921045	0.0002481215878338784	0.000023942586243007815	0.000024016370666207765
4.	37.55472769223205	0.4	0.1437120758775824	0.26163644901163	0.4256667643307967	0.001492863803623401	0.16721604454253178	0.0002518467897243404	0.00002389804118936558	0.000023955644111367524
4.	37.84441762355141	0.4	0.14323204989115643	0.26077790896171715	0.4251234436683101	0.0014908559386425874	0.16909627405555147	0.0002555905326047137	0.00002385322411002429	0.00002387695201749862
4.	38.134107554870766	0.4	0.14275348131302437	0.2599218606029804	0.4245718052386308	0.001488821509609489	0.17098085941428265	0.00025935258238459033	0.000023808141141873294	0.00002381933908771061
4.	38.42379748619012	0.4	0.14227636697523857	0.25906829251793034	0.42401208890036607	0.0014867612832881842	0.17286961428677347	0.0002631327534614846	0.0000237628009788178	0.000023743282941857125
4.	38.71348741750948	0.4	0.14180069493857161	0.25821717649204107	0.42344446201124214	0.0014846757748087865	0.17476235908396806	0.0002669308199364136	0.000023717209472156834	0.0000237008794319038
4.	39.00317734882883	0.4	0.1413264714918409	0.2573685140556332	0.4228690403560184	0.0014825653210069707	0.17665897380584528	0.0002707465252148681	0.000023671372391865785	0.000023688444440256307
4.	39.29286728014819	0.4	0.14085369970588124	0.2565223051518591	0.42228600628972285	0.0014804304945499121	0.17855930458119032	0.00027457965766070053	0.000023625297201123888	0.0000236741191358969
4.	39.582557211467545	0.4	0.14038238347334975	0.25567855217886404	0.4216955457087385	0.0014782718828085161	0.1804632030300284	0.0002784300118840361	0.0000235789915187597	0.00002361371432665904
4.	39.872247142786904	0.4	0.1399125146903674	0.25483723656149004	0.4210978093700506	0.0014760899521659423	0.18237050872627172	0.00028229736313161233	0.00002353246095875524	0.000023543336522713343
4.	40.16193707410626	0.4	0.13944407346398552	0.2539983219345385	0.42049298136362834	0.0014738852879643623	0.18428102407585883	0.0002861820074471898	0.00002348571115336146	0.00002353186657741424
4.	40.451627005425614	0.4	0.1389770749151099	0.25316183178461343	0.4198812419300707	0.0014716584640598067	0.18619462655604643	0.0002900836588853802	0.000023438750392372075	0.0000234826912142716
4.	40.74131693674497	0.4	0.13851152022435553	0.25232776417416924	0.419262712837075	0.0014694098512996409	0.18811118554735115	0.0002940016933846603	0.00002339158411936201	0.00002340567236480684
4.	41.031006868064324	0.4	0.13804739920606554	0.2514960987495901	0.41863752128990656	0.0014671398414751048	0.19003054655635868	0.00029793587793119144	0.00002334421700884816	0.00002335847867271368
4.	41.32069679938368	0.4	0.1375847157735658	0.2506668414132696	0.4180058375597264	0.0014648489791011052	0.19195256860238905	0.0003018860127666932	0.00002329665610588143	0.000023301659181379497
4.	41.61038673070304	0.4	0.1371234709361457	0.24983999330331258	0.4173678235509087	0.0014625377810723716	0.1938771095208817	0.00030585189607853396	0.000023248907956025257	0.000023213011600409228
4.	41.9000766620224	0.4	0.13666364152256294	0.24901551508050754	0.416723642262368	0.0014602067697538623	0.1958039699026299	0.00030983333119805143	0.000023200977172756843	0.000023191130979649532
4.	42.18976659334176	0.4	0.13620523892794723	0.24819342461494584	0.4160734131100137	0.0014578563163700617	0.19773304712856757	0.00031383009163978503	0.000023152869838504937	0.000023189810515827913
4.	42.47945652466112	0.4	0.13574827335287165	0.24737373988029301	0.4154172968219988	0.0014554869384238382	0.19966422231133935	0.00031784198508223125	0.000023104593133833723	0.000023138709991155082
4.	42.76914645598047	0.4	0.1352927394063802	0.2465564513971376	0.4147554206073955	0.0014530990374280537	0.20159735195477727	0.0003218687974406512	0.0000230561519808092	0.000023068799440723042
4.	43.05883638729983	0.4	0.1348386307447992	0.24574154829533648	0.41408790877637186	0.001450693006148283	0.20353229182508367	0.0003259103151565284	0.0000230075511153961	0.000023017037103972848
4.	43.34852631861918	0.4	0.13438595173197898	0.24492903970746477	0.41341492269393026	0.0014482693685144816	0.20546890921442093	0.00032996635704930945	0.000022958797198758967	0.000022940926641262793
4.	43.63821624993854	0.4	0.13393468794008387	0.24411890326752547	0.41273662589496846	0.0014458286573355266	0.20740702301773656	0.0003340367485869975	0.00002290989541518508	0.000022894473763107603
4.	43.927906181257896	0.4	0.13348484800547378	0.2433111528854978	0.41205310615430485	0.0014433711412685764	0.20934654161410632	0.0003381212569250245	0.000022860850565337443	0.00002285894242362585
4.	44.217596112577255	0.4	0.13303643137639884	0.24250578882741264	0.41136449220105065	0.0014408972336469	0.21128733180253895	0.0003422196851675358	0.00002281166788758891	0.00002283887378440319
4.	44.50728604389661	0.4	0.13258944416943927	0.24170282374660032	0.41067093339871247	0.001438407421230042	0.21322927314893186	0.0003463318572070462	0.000022762353741579292	0.0000227862578789928
4.	44.796975975215965	0.4	0.13214388307085523	0.24090225331911655	0.4099725499373049	0.0014359020896957527	0.2151722316453037	0.0003504575764338427	0.00002271291284703244	0.000022722361290056226
4.	45.08666590653532	0.4	0.13170035553503098	0.24010518759194896	0.40927137653274187	0.0014333883310239254	0.21711241238209733	0.00035459830830719186	0.000022663455486511697	0.00002268131884972102
4.	45.37635583785468	0.4	0.13125961909216838	0.2393130109880536	0.4085699365362441	0.0014308749484378315	0.21904516193213255	0.0003587560400116998	0.000022614118532715226	0.00002264046295172295
4.	45.66604576917404	0.4	0.13082020616998546	0.23852304798875248	0.4078637482703859	0.0014283462131366891	0.22097915121394784	0.00036292664226416987	0.000022564653212668237	0.000022573501527400897
4.	45.95573570049339	0.4	0.13038210976222575	0.23773528774024577	0.4071529068652807	0.0014258024272514511	0.2229142652118757	0.0003671099006238696	0.000022515063103621402	0.000022518092496731645
4.	46.24542563181275	0.4	0.1299453277976684	0.23694972852736376	0.40643752263966354	0.0014232439470260765	0.2248503978392665	0.0003713056167759761	0.000022465352605954047	0.000022473632235675556
4.	46.53511556313211	0.4	0.1295098628318167	0.23616637720140646	0.40571772023589375	0.0014206711797445028	0.22678745186301613	0.0003755136087153372	0.000022415526894229613	0.000022403079407012916
4.	46.82480549445147	0.4	0.12907570497141313	0.235385219035833	0.4049936101899794	0.0014180844841415613	0.22872529741222597	0.00037973368517288256	0.000022365589695076207	0.000022350221234035406
4.	47.11449542577082	0.4	0.12864284973566825	0.2346062481948977	0.40426529272197226	0.0014154841836525236	0.2306638265181504	0.0003839656481762483	0.000022315544851378975	0.000022332997482693573
4.	47.40418535709018	0.4	0.12821130569611192	0.23382948133260387	0.40353287347494493	0.0014128706214957128	0.23260297220970916	0.0003882093076141874	0.000022265397409611337	0.0000222873575202176
4.	47.69387528840954	0.4	0.1277810696321268	0.23305491480925417	0.40279644872579545	0.0014102441088615508	0.2345426347324831	0.0003924644675720172	0.000022215151161304468	0.000022223523906989007
4.	47.983565219728895	0.4	0.12735213612817098	0.23228254106716023	0.40205610758149085	0.001407604932579698	0.2364827108955809	0.00039673092785219355	0.000022164809488621645	0.000022168467165156747
4.	48.27325515104825	0.4	0.1269245046908874	0.2315123616038414	0.4013119544139149	0.001404953433638875	0.23842310716768655	0.0004010085060199271	0.000022114376602097908	0.000022110184011076006
4.	48.562945082367605	0.4	0.12649817071896846	0.23074437170033216	0.4005641107952755	0.0014022900139281538	0.24036370792082942	0.00040529704053517384	0.000022063857114066535	0.00002205181013104074
4.	48.852635013686964	0.4	0.12607313203252732	0.22997856904547706	0.3998126534488737	0.001399614918988929	0.24230442811953748	0.00040959632795705856	0.000022013253720391963	0.000022006106638466916
4.	49.14232494500632	0.4	0.1256493875263975	0.22921495333157763	0.3990576617053631	0.0013969284041404051	0.24424518613692597	0.0004139061696663393	0.000021962570065751725	0.00002197672592899047
4.	49.432014876325674	0.4	0.12522693999144133	0.228453531981601	0.39829924134017775	0.00139423081789741	0.2461859018007379	0.00041822639718923425	0.00002191181059542069	0.000021927670955323997
4.	49.72170480764503	0.4	0.12480578657641947	0.22769430217740733	0.3975374799909862	0.0013915224458799357	0.24812648483964955	0.0004225568265085096	0.0000218609787442472	0.000021867143149029156
4.	50.01139473896439	0.4	0.12438592311878909	0.2269372587540539	0.3967724608296156	0.001388803558657276	0.2500668429367589	0.00042689729117346704	0.000021810077690752895	0.00002181351095181805
4.	50.30108467028374	0.4	0.12396734467804994	0.22618239648260297	0.3960042977825734	0.0013860745350074896	0.252006864955462	0.0004312481029308863	0.000021759111428545674	0.000021773463373342405
4.	50.5907746016031	0.4	0.12355005582040524	0.22542972479985685	0.39523306561555344	0.0013833356171750856	0.2539464957584129	0.0004356085996863535	0.000021708083573092426	0.00002171378891019371
4.	50.88046453292246	0.4	0.12313405254015562	0.22467923850928784	0.39445883614484495	0.0013805870376105266	0.25588565107099015	0.0004399785894016539	0.0000216569969323745	0.000021656107709211447
4.	51.17015446424182	0.4	0.12271933165418274	0.22393093410953718	0.3936816876626455	0.0013778290519410265	0.25782424669000387	0.00044435788958328056	0.00002160585455415403	0.000021612942106452593
4.	51.45984439556117	0.4	0.12230589537043113	0.22318481796534817	0.3929017154836212	0.001375061975860701	0.25976221041055314	0.0004487463398005318	0.000021554660411028266	0.00002155245438517639
4.	51.74953432688053	0.4	0.12189373998959546	0.22244088581884758	0.3921189990786722	0.0013722860700853075	0.26169945650173587	0.00045314376492697694	0.00002150341751021728	0.000021488776136613374
4.	52.03922425819989	0.4	0.12148285785107092	0.2216991270404791	0.39133362640235225	0.0013695016254796234	0.26363587896369334	0.0004575500026462078	0.00002145212874321125	0.000021458114278560814
4.	52.328914189519246	0.4	0.12107325470855629	0.22095955317780475	0.3905456684508989	0.0013667088740046524	0.2655714344706267	0.0004619648737125988	0.000021400797677421856	0.000021415444396266636
4.	52.6186041208386	0.4	0.12066492957075575	0.22022216461780492	0.3897552033054556	0.0013639080728474551	0.26750605026201624	0.00046638820995079496	0.00002134942741750661	0.000021355961169144955
4.	52.908294052157956	0.4	0.12025787853173635	0.2194869564451788	0.3889622993614678	0.00136109944571837	0.26943964779221413	0.0004708198343940289	0.000021298020568959637	0.00002129858929061923
4.	53.197983983477314	0.4	0.11985209937179615	0.2187539268365679	0.38816703016003307	0.0013582832347398643	0.27137215278094456	0.00047525957883144915	0.000021246580011951014	0.00002124803708697387
4.	53.48767391479667	0.4	0.11944759209197779	0.21802307837380236	0.387369484975644	0.001355459737479207	0.2733034914469691	0.0004797072973595245	0.000021195109254702466	0.00002118607676809825
4.	53.777363846116025	0.4	0.11904435170674307	0.2172944045462827	0.38656973664304195	0.0013526291943537173	0.27523357904222123	0.00048416282722358125	0.000021143610898326958	0.000021136040133762357
4.	54.06705377743538	0.4	0.11864237776273957	0.21656790584799984	0.3857678391470124	0.0013497917801923425	0.27716236131698335	0.000488625984584817	0.00002109208735710452	0.000021098160487731388
4.	54.35674370875474	0.4	0.11824167118210493	0.2158435860377069	0.3849638700395907	0.0013469477526448764	0.2790897768484132	0.0004930966177191768	0.000021040541832994377	0.00002105152182024783
4.	54.6464336400741	0.4	0.11784223062157852	0.21512144474677478	0.3841578992598363	0.0013440973430673207	0.2810157597151476	0.0004975745683064167	0.00002098897710496157	0.00002099374528907738
4.	54.93612357139345	0.4	0.11744405282957303	0.21440147812878493	0.3833499902465943	0.0013412407604073556	0.28294024006438395	0.0005020596724008097	0.000020937395590818745	0.00002093829785565493
4.	55.22581350271281	0.4	0.11704713457400759	0.21368368286007092	0.38254021887720424	0.0013383782574564766	0.2848631407036587	0.0005065517851202258	0.000020885800058831726	0.000020892942481864907
4.	55.51550343403217	0.4	0.11665147660700886	0.21296806228169038	0.38172865773580494	0.0013355100757964837	0.28678440438248964	0.0005110507604794038	0.000020834193500297766	0.000020838156730373925
4.	55.80519336535153	0.4	0.11625707714465719	0.2122546146233234	0.3809153581026631	0.0013326363827805417	0.28870397648425394	0.000515556426849875	0.000020782578063299714	0.000020780835472022918
4.	56.09488329667088	0.4	0.11586393291103717	0.2115433358398051	0.3801003778106582	0.0013297573689858059	0.29062179210695777	0.0005200686236094313	0.00002073095595009745	0.000020735338946531456
4.	56.38457322799024	0.4	0.11547204463090519	0.21083422919161318	0.3792837875394947	0.0013268732702212856	0.2925377969518034	0.0005245872103493228	0.00002067933005868105	0.00002068120561293796
4.	56.6742631593096	0.4	0.11508141044253643	0.21012729321741316	0.37846564923013626	0.0013239842920017906	0.29445193095492594	0.0005291120377031885	0.000020627702805348024	0.000020619825283230142
4.	56.963953090628955	0.4	0.11469202517970144	0.20942252099882436	0.37764602896265265	0.0013210906545922066	0.29636411610300417	0.0005336429649636454	0.00002057607643874661	0.00002057513626158025
4.	57.25364302194831	0.4	0.1143038891679628	0.20871991459593264	0.37682498288860883	0.0013181925437871984	0.2982743068171936	0.0005381798402978247	0.000020524453366261866	0.000020534146217165983
4.	57.543332953267665	0.4	0.11391700314342879	0.2080194769267306	0.37600257113328467	0.0013152901595379202	0.30018245775963764	0.0005427225201612482	0.000020472836134792395	0.000020478357219189114
4.	57.833022884587024	0.4	0.11353136390116984	0.20732120392863224	0.3751788463280946	0.0013123836758291748	0.302088510257893	0.0005472708529197147	0.000020421226732762922	0.000020421055461461446
4.	58.12271281590638	0.4	0.11314696861382925	0.2066250922258415	0.3743538620686666	0.0013094732702604993	0.30399240710482484	0.0005518246907822478	0.000020369627197380475	0.00002037202579513453
4.	58.412402747225734	0.4	0.11276381770152104	0.2059311443697851	0.37352768242618745	0.0013065591573083206	0.30589410037619524	0.0005563839040858919	0.000020318040132135487	0.000020312064916927497
4.	58.70209267854509	0.4	0.11238190657294896	0.20523935439086358	0.3727003715681648	0.0013036415520109093	0.3077935175605161	0.0005609483665360914	0.000020266467712487428	0.000020259988959492325
4.	58.99178260986445	0.4	0.11200123422459088	0.20454972151979067	0.37187196931294914	0.001300720584457235	0.3096906208540854	0.0005655179180749727	0.00002021491169699334	0.000020215586051808287
4.	59.2814725411838	0.4	0.11162179985882963	0.2038622459063493	0.37104253048513536	0.0012977964374416328	0.3115853639080614	0.0005700924235122428	0.00002016337428806545	0.00002017098067047529
4.	59.57116247250316	0.4	0.11124360284533381	0.203176928044157	0.3702121113580748	0.0012948692990336255	0.3134777007714302	0.0005746717526903439	0.00002011185773472802	0.000020115929280140055
4.	59.86085240382252	0.4	0.11086664025750034	0.2024937642283062	0.3693807603189177	0.0012919393299216954	0.31536757966215245	0.0005792557660056443	0.000020060363854293033	0.000020060437195934533
4.	60.15054233514188	0.4	0.11049090939000364	0.2018127512421444	0.36854852862747106	0.0012890067010391663	0.31725494815012534	0.0005838444933287495	0.000020008894556547363	0.000020011395887642447
4.	60.44023226646123	0.4	0.1101164089578766	0.20113388876267083	0.3677154802414802	0.0012860716279212549	0.3191397523604561	0.0005884378156621308	0.000019957452230173355	0.000019960233932858618
4.	60.72992219778059	0.4	0.10974313793890457	0.20045717593555729	0.36688165269209233	0.0012831342338615551	0.3210219592583017	0.0005930354336579582	0.000019906038509626053	0.000019904507624624035
4.	61.01961212909995	0.4	0.10937109318578715	0.19978260852321206	0.36604708970172944	0.0012801946639904654	0.32290152058114335	0.0005976372089071003	0.00001985465502130798	0.00001985613523031171
4.	61.309302060419306	0.4	0.10900027378573574	0.19911018636395172	0.3652118422182217	0.0012772530888849067	0.32477839514894097	0.0006022430171896314	0.000019803303781073423	0.000019806377075215487
4.	61.59899199173866	0.4	0.10863067849982218	0.19843990869450248	0.36437595986563887	0.0012743096746628533	0.32665254145669403	0.0006068527348660644	0.000019751986730362465	0.0000197490738135242
4.	61.888681923058016	0.4	0.10826230384049101	0.1977717708244305	0.3635394895447264	0.0012713645780843851	0.3285239079678777	0.000611466236447522	0.000019700705533161497	0.000019697007942354183
4.	62.178371854377374	0.4	0.10789514719343198	0.19710576957475684	0.36270247875526207	0.001268417958166499	0.33039244760886644	0.0006160834000633529	0.000019649461935974726	0.000019655509452876085
4.	62.46806178569673	0.4	0.10752920925885431	0.19644190727851438	0.3618649713418002	0.00126546996130099	0.3322581350600907	0.0006207041002825537	0.000019598257851491357	0.00001960299915682029
4.	62.757751717016085	0.4	0.10716448725461045	0.19578018023438748	0.361027008249154	0.0012625207238929914	0.33412092824213424	0.0006253282091131792	0.00001954709480599917	0.000019547086707649708
4.	63.04744164833544	0.4	0.10680097815799484	0.19512058429503049	0.360188629365741	0.0012595703788036167	0.33598078476347143	0.0006299555990326885	0.000019495974266779325	0.000019497439925963977
4.	63.3371315796548	0.4	0.10643868108424354	0.194463119212285	0.35934988154821484	0.001256619083407629	0.33783766942418786	0.0006345861571034561	0.00001944489807654935	0.00001944349055771344
4.	63.62682151097416	0.4	0.10607759342336401	0.19380778183597852	0.3585108126129561	0.0012536669985767045	0.33969153658863577	0.0006392197748658601	0.00001939386795207333	0.00001938876562307401
4.	63.91651144229351	0.4	0.10571771238767057	0.19315456831891772	0.3576714595754254	0.0012507142475504595	0.34154234823294904	0.000643856327337224	0.00001934288527408797	0.000019340910149601154
4.	64.20620137361287	0.4	0.10535903639667801	0.19250347684247782	0.35683185863525957	0.0012477609508510187	0.34339007448928793	0.0006484956902604176	0.000019291951494824078	0.000019296995185269505
4.	64.49589130493223	0.4	0.10500156467887935	0.19185450725696582	0.35599205390014615	0.0012448072567845785	0.34523468449965783	0.0006531377560379361	0.000019241068357454013	0.000019244651528416146
4.	64.78558123625159	0.4	0.1046452944526388	0.19120765573327478	0.35515208245022845	0.0012418532892109902	0.3470761413948236	0.0006577824068037096	0.000019190237223663748	0.000019190273019609183
4.	65.07527116757095	0.4	0.10429022288355125	0.19056291833887742	0.3543119809516246	0.0012388991706670754	0.3489144085441128	0.000662429526210335	0.000019139459431562863	0.000019140584956500728
4.	65.36496109889029	0.4	0.1039363481555296	0.18992029329977647	0.35347179768264925	0.0012359450644141377	0.350749446197221	0.0006670790220833103	0.000019088736735456	0.000019090578326330654
4.	65.65465103020966	0.4	0.10358366860161726	0.1892797785292035	0.3526315653249575	0.0012329910792951964	0.3525812286702251	0.0006717307757510904	0.000019038070443488895	0.000019037018950340823
4.	65.94434096152901	0.4	0.10323218139512748	0.1886413699269862	0.3517913154738721	0.0012300373204707513	0.3544097244133478	0.0006763846685255798	0.000018987461727122468	0.00001898680167006228
4.	66.23403089284837	0.4	0.10288188435358368	0.18800506465293668	0.3509510841580154	0.0012270839087151104	0.3562349024955438	0.000681040592343468	0.000018936911934595126	0.000018939838861808944
4.	66.52372082416773	0.4	0.10253277628864764	0.1873708616768382	0.3501109105863059	0.0012241309760314453	0.35805673593398757	0.0006856984477473371	0.000018886422584636143	0.00001888609044187195
4.	66.81341075548708	0.4	0.10218485431029563	0.1867387568520022	0.34927082794977526	0.0012211786334880453	0.3598751923385105	0.0006903581260226657	0.000018835994870280384	0.000018831789905748852
4.	67.10310068680644	0.4	0.10183811477122602	0.18610874497671528	0.3484308759235129	0.001218227014927696	0.3616902289282793	0.0006950195335693178	0.000018785630101371928	0.000018788851769424575
4.	67.39279061812579	0.4	0.10149255741964626	0.18548082631671262	0.34759108536245986	0.001215276223455817	0.36350183279357856	0.0006996825618827008	0.000018735329615866156	0.00001873932226426067
4.	67.68248054944516	0.4	0.10114817973052684	0.1848549973042662	0.34675148819224955	0.001212326366020465	0.36530997580114805	0.0007043471067108432	0.000018685094582907222	0.00001868549907813044
4.	67.9721704807645	0.4	0.10080497862431459	0.18423125335663257	0.3459121143654071	0.0012093775427678346	0.36711462810788276	0.000709013061987959	0.000018634926061151718	0.00001863494100723395
4.	68.26186041208386	0.4	0.10046295200055333	0.18360959167380958	0.34507299698193417	0.00120642986494257	0.3689157638181455	0.0007136803302706933	0.000018584825278208426	0.000018585330344100814
4.	68.55155034340322	0.4	0.10012209805318505	0.18299001004763563	0.34423417163265135	0.001203483452588981	0.3707133570730102	0.0007183488216743602	0.00001853479355328404	0.000018530919254466927
4.	68.84124027472258	0.4	0.09978241329898223	0.18237250330974875	0.3433956710581468	0.001200538415875498	0.37250737336041423	0.000723018442875993	0.000018484831973818937	0.00001848211395666377
4.	69.13093020604194	0.4	0.09944389556214439	0.1817570682020135	0.34255751912218724	0.0011975948340237983	0.3742977952739279	0.0007276890841966507	0.000018434941476569597	0.000018437921506464505
4.	69.42062013736128	0.4	0.09910654344408927	0.18114370312592654	0.3417197489970429	0.0011946528188842534	0.3760846027178698	0.0007323606576249463	0.000018385123329004653	0.00001838823856231686
4.	69.71031006868066	0.4	0.09877035425599197	0.1805324041185514	0.3408823892195343	0.0011917124661844469	0.3778677712094583	0.000737033067618876	0.000018335378548555668	0.000018335662660684537
4.	70.	0.4	0.09843532497003271	0.17992316659097882	0.34004546695570254	0.0011887738669410343	0.3796472753404691	0.0007417062178140919	0.000018285708078567383	0.000018286058061700583