4.	1.	0.30000000000000004	0.	0.	0.	0.021818868285046034	0.2413261320494357	4.629272630400959e-6	0.00018184341621514303	0.7368503703928879
4.	1.06735	0.30000000000000004	0.	0.	0.	0.023560472518297727	0.25997423060869307	5.761651341163958e-6	0.00017437759344847304	0.716459535221668
4.	1.1347	0.30000000000000004	0.	0.	0.	0.025129526282042798	0.27923496802537545	7.035848342482145e-6	0.0001677824310540536	0.6956284698442392
4.	1.20205	0.30000000000000004	0.	0.	0.	0.0265100635313023	0.29875939435150123	8.448520846898276e-6	0.00016479562461202602	0.6747220935963496
4.	1.2694	0.30000000000000004	0.	0.	0.	0.027691085160773617	0.31825492279267337	9.994215972556961e-6	0.0001658016220843043	0.6540439978305805
4.	1.33675	0.30000000000000004	0.	0.	0.	0.02866620408453258	0.33747197445036814	0.00001166574932687514	0.00016924466152718078	0.6338501557157724
4.	1.4041000000000001	0.30000000000000004	0.	0.	0.	0.02943304995566664	0.35619516461913847	0.000013454567172116207	0.00017397248541224203	0.6143583308580227
4.	1.47145	0.30000000000000004	0.	0.	0.	0.02999259338351581	0.37423827137598237	0.000015351086948846526	0.0001791392449136328	0.595753784153553
4.	1.5388000000000002	0.30000000000000004	0.	0.	0.	0.030348507608012158	0.39143831806072193	0.000017345023570552734	0.00018413105163622264	0.5781958293076954
4.	1.60615	0.30000000000000004	0.	0.	0.	0.030506463101391372	0.4076514320877605	0.000019425629586631365	0.0001885097621074149	0.5618226791812615
4.	1.6735000000000002	0.30000000000000004	0.	0.	0.	0.030473479489573296	0.4227479466844964	0.000021581867841155257	0.00019196980338823938	0.5467569919580891
4.	1.74085	0.30000000000000004	0.	0.	0.	0.030257349166540336	0.4366067503182471	0.000023802512779932922	0.0001943049348185671	0.5331120980024326
4.	1.8082	0.30000000000000004	0.	0.	0.	0.029866049862387285	0.4491103987884973	0.00002607610122996151	0.000195381966497373	0.5209974752478854
4.	1.87555	0.30000000000000004	0.	0.	0.	0.02930731094469666	0.46013764392195694	0.000028390827736007626	0.00019512042075692042	0.5105266543056104
4.	1.9429	0.30000000000000004	0.	0.	0.	0.028588158744436484	0.46955622991772783	0.00003073424151645533	0.00019347615612154374	0.5018248770963192
4.	2.01025	0.30000000000000004	0.	0.	0.	0.027714531335851323	0.4772135305665295	0.000033092769733002314	0.00019042833421441875	0.4950388453278862
4.	2.0776000000000003	0.30000000000000004	0.	0.	0.	0.026690902119213163	0.482925151329325	0.0000354509571906769	0.00018596872233032165	0.49034849559427107
4.	2.14495	0.30000000000000004	0.	0.	0.	0.025519908623787738	0.48646018078020903	0.00003779031304486333	0.00018009276611868875	0.4879821202829584
4.	2.2123	0.30000000000000004	0.	0.	0.	0.02420197266245804	0.48752147437278287	0.000040087580130522855	0.00017279188574142383	0.4882364653846286
4.	2.27965	0.30000000000000004	0.	0.	0.	0.022734884394174697	0.4857190496754055	0.00004231211355720394	0.00016404658988991385	0.4915037538168626
4.	2.3470000000000004	0.30000000000000004	0.	0.	0.	0.02111336511881578	0.4805333529096597	0.0000444219306455206	0.0001538202015417	0.49830886004087904
4.	2.347	0.30000000000000004	0.	0.	0.	0.021113365118815768	0.4805333529096592	0.00004442193064608624	0.00015382020154169996	0.49830886004087893
4.	2.3715401216290193	0.30000000000000004	0.	0.	0.	0.020482550046139025	0.4776727375540931	0.00004515126069073895	0.0001497150685868919	0.5017995611390771
4.	2.3960802432580386	0.30000000000000004	0.	0.	0.	0.01982955871747962	0.4742312206059112	0.00004585413369628752	0.00014540196044996866	0.5058933665429128
4.	2.4206203648870583	0.30000000000000004	0.	0.	0.	0.01915377902568519	0.47016274135680075	0.00004652643022906387	0.00014087667316286902	0.510636953187285
4.	2.4451604865160776	0.30000000000000004	0.	0.	0.	0.01845453400884628	0.4654158406104821	0.00004716344349206022	0.000136134524421343	0.5160824619371795
4.	2.469700608145097	0.30000000000000004	0.	0.	0.	0.01773108590009243	0.45993309754074824	0.000047759801888982294	0.00013117038180071274	0.5222880567572703
4.	2.4942407297741163	0.30000000000000004	0.	0.	0.	0.016982646614548094	0.4536504957319798	0.00004830939891687067	0.00012597871583275934	0.5293185482545553
4.	2.518780851403136	0.30000000000000004	0.	0.	0.	0.016208390143985833	0.4464969497913408	0.00004880533091994772	0.00012055370105013115	0.5372458547337534
4.	2.5433209730321553	0.30000000000000004	0.	0.	0.	0.015407474661742531	0.4383939296753073	0.00004923987434119445	0.0001148893778733017	0.546149355788609
4.	2.5678610946611746	0.30000000000000004	0.	0.	0.	0.014579076347820751	0.42925536132007425	0.00004960454045379369	0.00010897989402415965	0.5561159577916512
4.	2.592401216290194	0.30000000000000004	0.	0.	0.	0.013722436710999578	0.4189881661870815	0.00004989027895529501	0.00010281987351688108	0.5672395068229636
4.	2.6169413379192137	0.30000000000000004	0.	0.	0.	0.012836931462246785	0.40749384860862553	0.000050087975236108696	0.00009640493705030265	0.5796191319538916
4.	2.641481459548233	0.30000000000000004	0.	0.	0.	0.011922169268623906	0.3946719395673055	0.00005018952580237422	0.00008973245117802192	0.5933557016382682
4.	2.6660215811772523	0.30000000000000004	0.	0.	0.	0.010978123907513185	0.3804271674802352	0.0000501900443031573	0.00008280255307606705	0.6085445185679484
4.	2.6905617028062716	0.30000000000000004	0.	0.	0.	0.010005314005180272	0.36468340445941744	0.00005009245038751656	0.00007561953089106383	0.6252611890850148
4.	2.7151018244352914	0.30000000000000004	0.	0.	0.	0.00900502835395764	0.3474117401457192	0.00004991735456951978	0.00006819356502459112	0.6435333141457537
4.	2.7396419460643107	0.30000000000000004	0.	0.	0.	0.007979560901679814	0.3286911438049004	0.00004972596777578729	0.000060542567646932684	0.6632795693256439
4.	2.76418206769333	0.30000000000000004	0.	0.	0.	0.006932304597331578	0.30885498549920337	0.00004968036261282012	0.000052692951427015944	0.6841630295408523
4.	2.7887221893223493	0.30000000000000004	0.	0.	0.	0.005866926662220234	0.28893102376509733	0.00005023875939439579	0.00004467340922523096	0.705151810813288
4.	2.8132623109513686	0.30000000000000004	0.	0.	0.	0.004780686690374025	0.27258798336190276	0.00005309961754515579	0.000036463953080348055	0.722578230330178
4.	2.8378024325803883	0.30000000000000004	0.	0.	0.	0.0034449103372731662	0.3137726808833601	0.00007916226384581302	0.000026318360654039776	0.682703246515521
4.	2.8623425542094076	0.30000000000000004	0.	0.	0.	0.002915662731655156	0.1954027912260104	0.000048315998226765835	0.000022069547284661995	0.8016332300441077
4.	2.886882675838427	0.30000000000000004	0.	0.	0.	0.0021055568487281986	0.1274616852902912	0.000029497051893473983	0.000015963030404321594	0.8704032608090871
4.	2.9114227974674467	0.30000000000000004	0.	0.	0.	0.001314510430737627	0.07469984081767482	0.000016659865365645235	9.981109941850184e-6	0.9239689888862219
4.	2.9359629190964656	0.30000000000000004	0.	0.	0.	0.0006548678387678149	0.03548354407643967	7.714625277953918e-6	4.979777462277657e-6	0.9638538734595146
4.	2.9605030407254853	0.30000000000000004	0.	0.	0.	0.00021518340285093103	0.011212708313047211	2.391072296571595e-6	1.6386355495949305e-6	0.9885697172118053
4.	2.9850431623545046	0.30000000000000004	0.	0.	0.	0.0000576184636028663	0.0029030050689465886	6.094836200847043e-7	4.3936882959283686e-7	0.9970387669838304
4.	3.009583283983524	0.30000000000000004	0.	0.	0.	0.00028148922591042156	0.013764746046452605	2.8524239379576325e-6	2.1493181475314752e-6	0.985950912303699
4.	3.0341234056125437	0.30000000000000004	0.	0.	0.	0.000825890407571483	0.039305799173799075	8.05403812700791e-6	6.314091021372208e-6	0.9598602563805024
4.	3.058663527241563	0.30000000000000004	0.	0.	0.	0.0016661049242830631	0.07733857262673037	0.000015690413783252037	0.00001275319738074414	0.9209796320352033
4.	3.0832036488705823	0.30000000000000004	0.	0.	0.	0.0027364941061216196	0.12410575166342037	0.000024953983000251283	0.00002097099680624741	0.8731328002474578
4.	3.1077437704996016	0.30000000000000004	0.	0.	0.	0.003955074164560933	0.1754954672401117	0.000034998598385211816	0.000030343605293159986	0.8205144599969422
4.	3.132283892128621	0.30000000000000004	0.	0.	0.	0.005240188683677312	0.2277633239779065	0.00004507718248011002	0.000040246513445648114	0.766951410155936
4.	3.1568240137576407	0.30000000000000004	0.	0.	0.	0.006521148394858639	0.2779223620226263	0.000054610713591427716	0.0000501366854519536	0.7155018788689236
4.	3.18136413538666	0.30000000000000004	0.	0.	0.	0.0077430000515835455	0.32385462788396413	0.0000632022798585566	0.00005958994681285406	0.6683391697845937
4.	3.2059042570156793	0.30000000000000004	0.	0.	0.	0.008866682851447013	0.3642305166755491	0.00007061490529627319	0.00006830298399292512	0.6268321855677076
4.	3.230444378644699	0.30000000000000004	0.	0.	0.	0.009866486932665777	0.39833437323795595	0.00007673309742352813	0.00007607446948372934	0.5917224067319548
4.	3.2549845002737183	0.30000000000000004	0.	0.	0.	0.010726475056767546	0.4258707107072649	0.00008152255968728806	0.0000827780040254422	0.5633212916762802
4.	3.2795246219027376	0.30000000000000004	0.	0.	0.	0.011436911492042595	0.44679185229081114	0.00008499559038236487	0.00008833491160249957	0.541686240626764
4.	3.304064743531757	0.30000000000000004	0.	0.	0.	0.011991171194215952	0.4611613864817458	0.00008718446797640768	0.00009269057434076178	0.5267602578560618
4.	3.3286048651607762	0.30000000000000004	0.	0.	0.	0.01238322924566346	0.4690523220404633	0.00008812224001925357	0.00009579511644188428	0.5184763264738539
4.	3.353144986789796	0.30000000000000004	0.	0.	0.	0.012605638381924638	0.47047236518906915	0.00008782919350362107	0.00009758776712830662	0.5168341672355026
4.	3.3776851084188153	0.30000000000000004	0.	0.	0.	0.012647839244089297	0.46530758239899717	0.00008630318760601936	0.00009798373612211135	0.5219582751693075
4.	3.4022252300478346	0.30000000000000004	0.	0.	0.	0.012494671031692188	0.4532775858681586	0.0000835124998185191	0.00009686259022824037	0.5341442306003308
4.	3.4267653516768544	0.30000000000000004	0.	0.	0.	0.012125052014284234	0.4339000106898065	0.00007939074140730336	0.00009405791379134459	0.553895546554502
4.	3.4513054733058732	0.30000000000000004	0.	0.	0.	0.011511050060187092	0.4064711604159438	0.00007383509519864842	0.00008934997666036185	0.5819439544286704
4.	3.475845594934893	0.30000000000000004	0.	0.	0.	0.01061814591611188	0.3700892272509595	0.00006671259514221401	0.00008246765361785095	0.6192259142377864
4.	3.5003857165639123	0.30000000000000004	0.	0.	0.	0.009408809512471838	0.3237893443316289	0.00005788642425462477	0.00007311611778205715	0.6667439597316446
4.	3.5249258381929316	0.30000000000000004	0.	0.	0.	0.007854285476862155	0.2669472986908968	0.00004728802415387606	0.00006106847089368167	0.7251511278080871
4.	3.5494659598219513	0.30000000000000004	0.	0.	0.	0.005964283925389749	0.2002549616412523	0.0000350673806842091	0.00004639694186452435	0.7937456870526738
4.	3.57400608145097	0.30000000000000004	0.	0.	0.1044709883994655	0.0034461858746402782	0.1143351580845288	0.000015420751480734863	0.000026821281928363843	0.7777322468898847
4.	3.59854620307999	0.30000000000000004	0.	0.	0.07521496036145933	0.0016713161559629112	0.05480512220835789	6.483527766432013e-6	0.000013013636326684574	0.8683021177464534
4.	3.6230863247090093	0.30000000000000004	0.	0.	0.02064092420723254	0.0003701780713432387	0.012000399664675847	1.2849052317328269e-6	2.8836311988044993e-6	0.9669872131515167
4.	3.6476264463380286	0.30000000000000004	0.	0.	0.01006990520979387	0.00015592077544578914	0.00499814226585278	4.917140686648795e-7	1.2151000581873914e-6	0.9847755400348389
4.	3.6721665679670483	0.30000000000000004	0.	0.	0.08811521923871926	0.0012205749014675001	0.038697436884469215	3.5305691550670504e-6	9.515724824422607e-6	0.871963238406189
4.	3.6967066895960676	0.30000000000000004	0.	0.	0.2077368792941839	0.0026315893602774543	0.08253520580894588	7.028337766710663e-6	0.000020523696606545698	0.7070892971988261
4.	3.721246811225087	0.30000000000000004	0.	0.	0.3100747908945867	0.003646391097165984	0.1131552896621461	9.036838630686193e-6	0.00002844799443585282	0.5731144915074706
4.	3.7457869328541067	0.30000000000000004	0.	0.	0.37655546981436316	0.004155541206235274	0.12761860965646918	9.594150670002311e-6	0.00003243083504974529	0.4916607851722624
4.	3.7703270544831256	0.30000000000000004	0.	0.	0.4112394606633174	0.00429401509795155	0.13052883006665278	9.265396404424295e-6	0.0000335218272985805	0.45392842877567385
4.	3.7948671761121453	0.30000000000000004	0.	0.	0.421157228415489	0.004187738792993103	0.12602541032916142	8.467911851935934e-6	0.000032701598350557724	0.44862115455050455
4.	3.8194072977411646	0.30000000000000004	0.	0.	0.410875166420593	0.003910764133909115	0.11653401519509025	7.42792347896495e-6	0.00003054697719833136	0.4686726263269287
4.	3.843947419370184	0.30000000000000004	0.	0.	0.3824107986631885	0.0034990248059342767	0.10325840110708305	6.255372661451838e-6	0.00002733776712525293	0.5108255200511327
4.	3.8684875409992037	0.30000000000000004	0.	0.	0.33628686597305346	0.0029685033783147167	0.08677126353392572	5.004297842675918e-6	0.000023198258016787034	0.5739683628168635
4.	3.893027662628223	0.30000000000000004	0.	0.00007642472131860482	0.27306606032551517	0.002332475704269433	0.06754392789673747	3.7140752348918477e-6	0.000018231793547843246	0.6569773972769244
4.	3.9175677842572423	0.30000000000000004	0.	0.00035062634017053886	0.19590861161058615	0.0016234927711053905	0.04658213256669338	2.4456061970923264e-6	0.000012692579919961471	0.7555326911052475
4.	3.9421079058862616	0.30000000000000004	0.	0.0005652204696974312	0.11439311035783842	0.0009217663789541673	0.02620939623286666	1.3155079096962653e-6	7.207767078446544e-6	0.8579091910527337
4.	3.966648027515281	0.30000000000000004	0.	0.00046665216424126806	0.04719319732065246	0.0003704928386673744	0.010441162104138865	5.016403194757133e-7	2.897565649953532e-6	0.9415279939319806
4.	3.9911881491443006	0.30000000000000004	0.	0.00031160451704623666	0.018686764077151006	0.00014317553927007686	0.003999769071784181	1.841634596234705e-7	1.119926000097241e-6	0.9768585026312889
4.	4.0157282707733195	0.30000000000000004	0.	0.0013170315970983638	0.05208920840347925	0.00039011063818810934	0.010804725014821407	4.773232499072139e-7	3.0518906088750064e-6	0.9353984470231629
4.	4.040268392402339	0.30000000000000004	0.	0.00477310003269612	0.13385407883349543	0.0009812442882567195	0.026947861071020714	1.1435412798630663e-6	7.677375824436944e-6	0.8334425722332511
4.	4.064808514031359	0.30000000000000004	0.	0.011417154935207573	0.23925820522603802	0.0017189281656924001	0.04681512779631745	1.910464307406318e-6	0.000013450606664354662	0.7007886734124371
4.	4.089348635660378	0.30000000000000004	0.	0.021074048235093283	0.3434067309249541	0.0024206561240565742	0.06538855922386196	2.5690884117281672e-6	0.000018943485885288114	0.5677074364036223
4.	4.113888757289398	0.30000000000000004	0.	0.033063219779317574	0.4322087715171309	0.002992226857317738	0.08017907572297558	3.0364708526398493e-6	0.000023418458730654515	0.45155366965240556
4.	4.1384288789184165	0.30000000000000004	0.	0.0466630500048995	0.5017627959003871	0.003414917793835498	0.09078230028596392	3.317848046535547e-6	0.00002672855831230638	0.3573736181668675
4.	4.162969000547436	0.30000000000000004	0.	0.06130465755277767	0.5535330062155276	0.003706604065865937	0.09777030978257711	3.4525433953305173e-6	0.000029013332978904284	0.28368196983985633
4.	4.187509122176456	0.30000000000000004	0.	0.07658484308055963	0.5907438317511242	0.0038951362482651146	0.10195716235601279	3.4831486968640327e-6	0.00003049053389461573	0.22681554341534144
4.	4.212049243805476	0.30000000000000004	0.	0.0922234973951565	0.6166683362824832	0.004006628963841673	0.10408590892353226	3.444541122032834e-6	0.000031364430490753796	0.1830121838938643
4.	4.236589365434495	0.30000000000000004	0.	0.10802155017508584	0.6340538431464695	0.004062067628613226	0.10474424572091447	3.362306162235215e-6	0.00003179921741315307	0.1491149310227547
4.	4.261129487063514	0.30000000000000004	0.	0.12383202482401608	0.6450407075897563	0.004077274856951265	0.10436978630912044	3.2542637787493434e-6	0.00003191872321840123	0.12267695215637714
4.	4.285669608692533	0.30000000000000004	0.	0.13954240151365777	0.6512459004051337	0.0040638627847789585	0.10328001929082349	3.1324921409753076e-6	0.00003181384547835736	0.10186468351346513
4.	4.310209730321553	0.30000000000000004	0.	0.1550642876311378	0.6538782647876941	0.0040302714556205215	0.1017030289848545	3.005039704332016e-6	0.000031550666855093445	0.0853211421009888
4.	4.334749851950573	0.30000000000000004	0.	0.1703273036014834	0.6538411305803098	0.0039826278969135615	0.0998023260701027	2.8771909712144037e-6	0.0000311771719100912	0.07204373466021934
4.	4.359289973579592	0.30000000000000004	0.	0.18527530637092626	0.6518125984952896	0.003925392244964711	0.09769527877742472	2.752352761005809e-6	0.00003072830041832258	0.06128867175863369
4.	4.3838300952086104	0.30000000000000004	0.	0.19986386620971006	0.6483051003966199	0.0038618245424703736	0.09546630733996181	2.6326605367665354e-6	0.00003022959888141863	0.05250026885070104
4.	4.40837021683763	0.30000000000000004	0.	0.21405844042037858	0.6437087274052801	0.003794317286687534	0.09317621233376579	2.519390239310124e-6	0.000029699821927665812	0.04525978316364872
4.	4.43291033846665	0.30000000000000004	0.	0.2278329270067354	0.6383225036592812	0.0037246312752541363	0.090868750940934	2.4132376571787758e-6	0.000029152777767338223	0.03924877388013806
4.	4.45745046009567	0.30000000000000004	0.	0.2411684685355206	0.6323770718735316	0.0036540638349596842	0.08857529926965195	2.3145087692710395e-6	0.000028598644737570813	0.0342227819775668
4.	4.481990581724689	0.30000000000000004	0.	0.25405240069760965	0.6260511975649308	0.003583569308984412	0.08631817097954507	2.2232497728356152e-6	0.000028044914136487797	0.0299924381991572
4.	4.506530703353708	0.30000000000000004	0.	0.26647734560692615	0.6194839583286716	0.0035138465349623398	0.08411301270617272	2.1393365534970884e-6	0.000027497075103302376	0.02640969748671365
4.	4.531070824982727	0.30000000000000004	0.	0.2784404528274322	0.6127839017015582	0.0034454033119401847	0.08197055534651443	2.062536651420428e-6	0.000026959119358057333	0.02335762427590357
4.	4.555610946611747	0.30000000000000004	0.	0.2899425617467837	0.6060355655815725	0.003378601937267832	0.0798978475356959	1.9925508124405512e-6	0.000026433897666918167	0.020743430647867697
4.	4.580151068240767	0.30000000000000004	0.	0.3009875719757425	0.5993046809378427	0.0033136945587829165	0.07789920304405712	1.9290424867346057e-6	0.000025923396848657044	0.018492920441088065
4.	4.604691189869786	0.30000000000000004	0.	0.31158190456262796	0.5926421858088434	0.0032508498599302152	0.07597690830193832	1.8716581448180149e-6	0.000025428948801051843	0.01654627980851521
4.	4.629231311498805	0.30000000000000004	0.	0.3217340088182585	0.5860872836896729	0.0031901729908438746	0.07413174579371003	1.8200409401998667e-6	0.000024951386592150394	0.014854968666574486
4.	4.653771433127824	0.30000000000000004	0.	0.3314539376956047	0.5796698301980979	0.0031317207578983753	0.07236338967946244	1.773839842901612e-6	0.000024491163635258545	0.01337934782909364
4.	4.678311554756844	0.30000000000000004	0.	0.3407529809382475	0.5734122114470838	0.003075513277255524	0.07067070456989359	1.73271559588768e-6	0.000024048445001573094	0.012086857051923763
4.	4.702851676385864	0.30000000000000004	0.	0.34964335172090877	0.5673308321883632	0.003021542958561913	0.06905197249147466	1.696344430320405e-6	0.000023623177819126127	0.010950604296261116
4.	4.727391798014883	0.30000000000000004	0.	0.35813792440554226	0.5614373011037863	0.0029697814540296363	0.06750506690061588	1.6644201944871467e-6	0.000023215145945279296	0.009948261715831422
4.	4.751931919643902	0.30000000000000004	0.	0.36625001126728607	0.5557393808228562	0.0029201850551125947	0.06602758517925297	1.6366553831074156e-6	0.000022824012382063125	0.009061201020109017
4.	4.776472041272921	0.30000000000000004	0.	0.37399326331340704	0.5502417165898753	0.0028726987029466947	0.06461699989215727	1.6127808707020862e-6	0.00002244935886482211	0.008273708720742928
4.	4.801012162901941	0.30000000000000004	0.	0.381381385762211	0.5449465161020889	0.0028272595851909863	0.06327064985522224	1.5925464901356128e-6	0.00002209070057726442	0.007572596148796712
4.	4.89262894023382	0.30000000000000004	0.	0.406055413410796	0.5269540943721628	0.002674524491284714	0.05876634360011483	1.5454428802483386e-6	0.000020883877182771775	0.0055480786827614426
4.	4.984245717565699	0.30000000000000004	0.	0.4266537021538825	0.511633697465171	0.0025455806394703187	0.054983547761864725	1.5359833830897772e-6	0.000019863240768240776	0.004181935996228375
4.	5.075862494897577	0.30000000000000004	0.	0.4437977273026235	0.4987249383438008	0.0024367615283027145	0.05180013913794007	1.5567089539475313e-6	0.000019000285788487345	0.0032388769783789767
4.	5.167479272229456	0.30000000000000004	0.	0.4580315214550821	0.4879332817516908	0.002344807740044919	0.049112965946218966	1.6021202482536439e-6	0.00001826963879219856	0.002575820986714966
4.	5.259096049561335	0.30000000000000004	0.	0.46982137306187244	0.4789723482995059	0.0022669403883737197	0.04683717990286576	1.6681692906398948e-6	0.000017649656238661316	0.002100490178091531
4.	5.350712826893214	0.30000000000000004	0.	0.47956122586244354	0.47158035163568734	0.002200832834670507	0.04490373307730238	1.751848135148061e-6	0.00001712221694755139	0.0017521047417610805
4.	5.442329604225092	0.30000000000000004	0.	0.4875817039235091	0.4655260022346077	0.0021445560063337323	0.04325671214942448	1.8508953524300511e-6	0.00001667230202452094	0.0014891747907725614
4.	5.533946381556971	0.30000000000000004	0.	0.4941594183796132	0.4606087646076206	0.0020965169236106694	0.041850881309070685	1.963588673617111e-6	0.00001628751813679316	0.001282455191411215
4.	5.62556315888885	0.30000000000000004	0.	0.4995255532092862	0.4566566179581561	0.002055401179291797	0.04064959373409959	2.088597726582888e-6	0.00001595764964479803	0.0011107453214397808
4.	5.717179936220729	0.30000000000000004	0.	0.5038733729262397	0.4535228925707794	0.00202012301918783	0.03962308313722325	2.2248793873512306e-6	0.000015674269004516158	0.0009583034671825086
4.	5.808796713552608	0.30000000000000004	0.	0.5073646001254378	0.45108294364170914	0.00198978357634949	0.03874709381135749	2.371603170100871e-6	0.0000154304102939227	0.0008132072419759495
4.	5.900413490884486	0.30000000000000004	0.	0.5101347472929525	0.4492310121997492	0.0019636365859468383	0.038001791255938146	2.528097783280824e-6	0.000015220300913161254	0.0006662845676300364
4.	5.992030268216365	0.30000000000000004	0.	0.5122975349547461	0.44787741209062437	0.0019410605078861273	0.037370900520384914	2.6938126313652674e-6	0.000015039143250866867	0.0005103981137271618
4.	6.083647045548244	0.30000000000000004	0.	0.513944116172079	0.4469422346900231	0.0019215194279316766	0.0368407075462094	2.8682596200680915e-6	0.00001488280979579298	0.0003485539041367461
4.	6.175263822880122	0.30000000000000004	0.	0.515148763361442	0.4463556431362262	0.001904555646853498	0.036399731677891456	3.0510170267911832e-6	0.000014747784161490835	0.00018825516056003577
4.	6.266880600212001	0.30000000000000004	0.	0.5159792441083777	0.4460628814840561	0.0018898038277348655	0.0360388468428674	3.2417462312057895e-6	0.000014631269085897345	0.000025981990732740212
4.	6.3584973775438804	0.30000000000000004	0.	0.5164928137153436	0.4460174593187734	0.0018769558260125529	0.03575049200188164	3.4401543195938286e-6	0.000014530912750281904	1.e-10
4.	6.4501141548757595	0.30000000000000004	0.	0.5166821866978389	0.44619418437155933	0.0018658107644737528	0.03550662260348747	3.646762045621099e-6	0.00001444156107963229	1.e-10
4.	6.5417309322076385	0.30000000000000004	0.	0.5164688378778649	0.4465927753552854	0.001856284759874525	0.03525124785667922	3.8632617027361615e-6	0.000014354198479514074	1.e-10
4.	6.633347709539517	0.30000000000000004	0.	0.5160562255431091	0.4471433897896827	0.0018480156584811177	0.03504249091911541	4.0873079596026466e-6	0.000014276558501639835	1.e-10
4.	6.724964486871396	0.30000000000000004	0.	0.5154765096792148	0.4478218592982602	0.001840843237630817	0.034876356165022535	4.31875856480906e-6	0.000014207413892694563	1.e-10
4.	6.816581264203275	0.30000000000000004	0.	0.5147572615241703	0.44860762379342434	0.001834630466761387	0.034749450821986515	4.557493138044175e-6	0.000014145715653301132	0.00004647590051937156
4.	6.908198041535153	0.30000000000000004	0.	0.5139221353376766	0.44948319091679756	0.0018292598586483746	0.034658892506243634	4.803411313376e-6	0.000014090564704386246	0.00010171796932044452
4.	6.999814818867032	0.30000000000000004	0.	0.5129914337027506	0.4504336787035917	0.001824630438762033	0.034602234490619395	5.056431402432117e-6	0.000014041188357778315	0.00014296623287387428
4.	7.091431596198911	0.30000000000000004	0.	0.5119805450078175	0.4514446298036498	0.0018206479674476625	0.03457726698263186	5.316472997732337e-6	0.000013996864961426517	0.000171593765455412
4.	7.18304837353079	0.30000000000000004	0.	0.5109014649383372	0.4525026329396451	0.0018172267978357223	0.03458204240527918	5.583449244420241e-6	0.000013956938280217597	0.00019104946965836644
4.	7.274665150862669	0.30000000000000004	0.	0.5097657136111308	0.45359731220994975	0.0018142972336613423	0.03461500829512467	5.857306606784428e-6	0.000013920873935652382	0.00020181134352668245
4.	7.366281928194548	0.30000000000000004	0.	0.508583040252881	0.45471970293308345	0.0018117983882769396	0.034674868806875724	6.1380058968141364e-6	0.000013888204331009322	0.00020445161298603826
4.	7.457898705526426	0.30000000000000004	0.	0.5073616663926334	0.4558620465423763	0.001809676910858042	0.03476056011576248	6.425522621072135e-6	0.000013858518792253918	0.0001996245157487725
4.	7.549515482858305	0.30000000000000004	0.	0.5061084914979793	0.45701761441763794	0.001807885904974772	0.03487123228568268	6.7198476811589975e-6	0.000013831455209006421	0.00018805604604413273
4.	7.641132260190183	0.30000000000000004	0.	0.5048292665439345	0.45818055572517724	0.0018063840056197975	0.03500623744097741	7.020988464157128e-6	0.000013806692911665943	0.0001705352958269457
4.	7.732749037522062	0.30000000000000004	0.	0.5035287403837253	0.45934576539707145	0.0018051345878962518	0.03516512356568817	7.328970402692922e-6	0.000013783946575955229	0.00014790709521613626
4.	7.824365814853941	0.30000000000000004	0.	0.5022107822592177	0.46050876833268833	0.001804105082678334	0.03534763477245207	7.64383911235902e-6	0.000013762960962949195	0.00012106571385123166
4.	7.91598259218582	0.30000000000000004	0.	0.5008784834714886	0.4616656167118275	0.0018032663795891914	0.03555371833915707	7.965663270587422e-6	0.000013743506341790415	0.00009094943466710775
4.	8.007599369517699	0.30000000000000004	0.	0.4995341920755926	0.4628127526882925	0.0018025921253224115	0.03578353623005367	8.294538023391122e-6	0.000013725373130870079	0.0000586323427154839
4.	8.099216146849578	0.30000000000000004	0.	0.4981725441484492	0.4639403707911324	0.0018020328018485288	0.03603698094927967	8.630471104256836e-6	0.00001370817470942829	0.00003944083818592514
4.	8.190832924181457	0.30000000000000004	0.	0.49674515795721935	0.4650483038214712	0.0018015774832140605	0.036308423548226415	8.973882850773517e-6	0.000013690762744301168	0.00008756330701823606
4.	8.282449701513336	0.30000000000000004	0.	0.4953027831686809	0.4661337342695688	0.0018012057590445442	0.03660492272973204	9.324773080618479e-6	0.000013673973879130815	0.00014802929989309738
4.	8.374066478845215	0.30000000000000004	0.	0.4938539813332083	0.46719767828733144	0.001800912785430781	0.03692875162738946	9.683465356132139e-6	0.000013657850311070654	0.00020899250128383895
4.	8.465683256177092	0.30000000000000004	0.	0.492403308146611	0.4682413373834234	0.0018006950107023404	0.0372823083969246	0.000010050392705161748	0.000013642371628189406	0.0002623006696334737
4.	8.557300033508971	0.30000000000000004	0.	0.4909545040001258	0.4692656725226636	0.00180054848349651	0.03766870515932922	0.000010426104801339919	0.000013627513326265062	0.0003001437295835768
4.	8.64891681084085	0.30000000000000004	0.	0.4895104036760766	0.4702712426126377	0.0018004682004443026	0.038092034428996537	0.000010811309154859677	0.000013613241964036215	0.000315039772689929
4.	8.74053358817273	0.30000000000000004	0.	0.4880727676685771	0.4712579717045329	0.0018004471925933288	0.03855778549374942	0.00001120693508175157	0.000013599508368544963	0.0002998210054655226
4.	8.832150365504608	0.30000000000000004	0.	0.4866419792118359	0.4722247872199942	0.0018004751331059776	0.03907352394953173	0.000011614237581200101	0.000013586237263066538	0.00024762024795092763
4.	8.923767142836486	0.30000000000000004	0.	0.4852164941515678	0.47316901402611067	0.0018005360330795995	0.03965006190818569	0.000012034975658184818	0.000013573310076588778	0.00015185890539810148
4.	9.015383920168365	0.30000000000000004	0.	0.4837919977269956	0.4740854706976247	0.0018006048318682686	0.04030363820682017	0.000012471746119192945	0.000013560539522533636	5.8167905721343005e-6
4.	9.107000697500244	0.30000000000000004	0.	0.4823654220924156	0.4749703329460191	0.0018006620951031011	0.04106083460939237	0.000012928814620812652	0.00001354778055689175	1.e-10
4.	9.198617474832123	0.30000000000000004	0.	0.480911817001545	0.47579825701138806	0.001800607356527484	0.04196718208700683	0.000013413175085147534	0.000013534278839529897	1.e-10
4.	9.290234252164002	0.30000000000000004	0.	0.4793761398643289	0.47651368877011463	0.001800226949971565	0.043115928097569485	0.000013938934213917757	0.000013518432130548823	1.e-10
4.	9.38185102949588	0.30000000000000004	0.	0.4640133659374961	0.4553715175285594	0.0017175033407363172	0.04273198319190777	0.000013885267232379229	0.000012884939995535003	0.03615174473406802
4.	9.406924433874892	0.30000000000000004	0.	0.39446879014135583	0.38768554115684	0.001461565589917318	0.03689036992095539	0.000011978032755616978	0.000010962010818106825	0.17948175515817588
4.	9.431997838253903	0.30000000000000004	0.	0.47463567884657326	0.4671491150285007	0.0017603657967054996	0.04523306471935604	0.000014648660423263092	0.000013199641892734437	0.011207126948441226
4.	9.457071242632916	0.30000000000000004	0.	0.477867128152138	0.4710067622078647	0.0017741278215479173	0.04668244132007448	0.000015037603188647412	0.000013299387705129012	0.0026545028951862615
4.	9.482144647011927	0.30000000000000004	0.	0.4772840919487318	0.47110580792036383	0.0017737330656082877	0.049299155536340636	0.00001544822695603779	0.000013292991190450842	0.0005217633019994269
4.	9.507218051390938	0.30000000000000004	0.	0.47280294535583683	0.47066530411864765	0.001771314488125794	0.051744028643144105	0.000015853383669648785	0.000013209009485820502	0.003000554010575966
4.	9.532291455769949	0.30000000000000004	0.	0.4733531162086391	0.47187592220197605	0.001775115520855346	0.050456179163451645	0.000015546206493264385	0.000013234028581829161	0.0025241206985845144
4.	9.55736486014896	0.30000000000000004	0.	0.4736354521627283	0.47281815568236685	0.0017779103956008803	0.04953871103461401	0.000015501585238970884	0.000013251540530752974	0.002214269139451004
4.	9.582438264527973	0.30000000000000004	0.	0.47365745211409443	0.4734983975967343	0.0017797243727871693	0.049062163054089614	0.000015510397674605518	0.000013261739181994814	0.00198675246461983
4.	9.607511668906984	0.30000000000000004	0.	0.4735855361072697	0.474082178866862	0.0017811805497123523	0.04872973927347099	0.000015544541135794285	0.000013269271880756459	0.0018058206615491484
4.	9.632585073285995	0.30000000000000004	0.	0.4734584739345549	0.47460799656021285	0.0017824238961429153	0.048481649532020825	0.00001559331435767769	0.000013275220293180749	0.0016538627627108032
4.	9.657658477665006	0.30000000000000004	0.	0.4732964710193212	0.4750959287580269	0.0017835299936000773	0.04828678312988376	0.00001565171935256329	0.000013280148334188977	0.001521635379815471
4.	9.682731882044017	0.30000000000000004	0.	0.47310991475098796	0.4755562970142217	0.0017845376864352657	0.04812946528044269	0.000015716969971234558	0.000013284345874451064	0.0014040682979412078
4.	9.70780528642303	0.30000000000000004	0.	0.4729053988519759	0.47599566208587635	0.0017854716480181668	0.04799929944815699	0.000015787372826140433	0.000013287997026819285	0.001298380593146388
4.	9.73287869080204	0.30000000000000004	0.	0.4726868593730057	0.4764179425829992	0.0017863466045658387	0.04788980981845125	0.00001586180498543175	0.000013291211705661262	0.0012031798159925985
4.	9.757952095181052	0.30000000000000004	0.	0.4724567372550325	0.4768255699523596	0.0017871716844735726	0.04779652801274156	0.0000159394809359141	0.000013294058072324263	0.0011180536144567987
4.	9.783025499560063	0.30000000000000004	0.	0.47221631845052575	0.4772199426525973	0.001787952131325452	0.04771619251970628	0.00001601982355319186	0.000013296572899918189	0.0010435744222920054
4.	9.808098903939074	0.30000000000000004	0.	0.4719612277362088	0.4776021409171337	0.0017886919885962119	0.047645457901052464	0.00001610243097838768	0.00001329867548103529	0.0009863790260304789
4.	9.833172308318087	0.30000000000000004	0.	0.471695825286228	0.4779709083038612	0.0017893865456184753	0.0475833001475377	0.000016186877123947798	0.000013300444389093267	0.0009443928396306311
4.	9.858245712697098	0.30000000000000004	0.	0.4714177661013962	0.4783238412211779	0.0017900268059079238	0.04752802787621153	0.000016272800214976286	0.000013301813102671648	0.0009240651950915071
4.	9.883319117076109	0.30000000000000004	0.	0.4711209502013961	0.47865470864777077	0.0017905894684985314	0.04747788158984919	0.000016359762040278878	0.00001330260889432326	0.0009395103304451827
4.	9.90839252145512	0.30000000000000004	0.	0.47078904874633504	0.4789468410886653	0.0017910122325559411	0.04743029338461087	0.000016447003480426048	0.000013302369545439994	0.0010263575443524159
4.	9.933465925834131	0.30000000000000004	0.	0.4703691252528336	0.4791461917259965	0.0017910931690816702	0.04737917836035357	0.000016532496265954265	0.000013299596506730215	0.0012978789954687375
4.	9.958539330213144	0.30000000000000004	0.	0.4696070311350072	0.47899319977853694	0.0017898626966061592	0.047298324923992496	0.00001660707480499198	0.000013287094058720824	0.002294974391052182
4.	9.983612734592155	0.30000000000000004	0.	0.465204958572903	0.4751184428363522	0.001774736204949773	0.04685506298225241	0.00001655306883718744	0.00001317147105736471	0.011030246334705444
4.	10.008686138971166	0.30000000000000004	0.	0.4537951877005203	0.46406362800594314	0.001732815430455909	0.045709636823515205	0.000016247397337620893	0.000012857103411817972	0.03468248464222783
4.	10.033759543350177	0.30000000000000004	0.	0.4683717812059711	0.4795852013380806	0.0017901305090695652	0.04718518500265982	0.000016873928919227986	0.000013279021110391366	0.0030508280152996906
4.	10.058832947729188	0.30000000000000004	0.	0.46886455349615297	0.48070340361711605	0.001793665844589878	0.047245225224473844	0.000016997479495111487	0.0000133018982885252	0.0013761543381721475
4.	10.083906352108201	0.30000000000000004	0.	0.4687632709241761	0.48121092021614875	0.0017949257865560717	0.047248255575406635	0.000017100576253249395	0.000013307898536790254	0.0009655269214592643
4.	10.108979756487212	0.30000000000000004	0.	0.4685382078882656	0.48158881444330226	0.0017957064486326488	0.047241413098726995	0.000017200030173025067	0.00001331034799272872	0.0008186580908994615
4.	10.134053160866223	0.30000000000000004	0.	0.46826880401938026	0.4819183747462441	0.0017963112847589461	0.047232495240552945	0.000017298648633554006	0.000013311498111798	0.0007667160604301337
4.	10.159126565245234	0.30000000000000004	0.	0.4679761434881397	0.48222117116373436	0.0017968208047809218	0.04722344765789699	0.000017397147300145188	0.000013311946382823637	0.0007650197381478749
4.	10.184199969624245	0.30000000000000004	0.	0.4676651041684073	0.4825021628521037	0.0017972535330640462	0.04721460311295153	0.000017495659056070624	0.000013311830581571653	0.0008033806744173339
4.	10.209273374003258	0.30000000000000004	0.	0.4673304790091437	0.4827559167019927	0.0017975892713259544	0.047205294013079345	0.000017593945037863	0.000013311001604756126	0.0008931270594204344
4.	10.23434677838227	0.30000000000000004	0.	0.46694567457764863	0.48295485378409225	0.0017977254134259192	0.04719270530268728	0.00001769095402018659	0.000013308700422149261	0.0010913499681257308
4.	10.25942018276128	0.30000000000000004	0.	0.46637348098434267	0.48295671055257816	0.0017971327356828238	0.04716284241299353	0.00001778139415041608	0.00001330101125423129	0.0016920519202524506
4.	10.284493587140291	0.30000000000000004	0.	0.4636775148977122	0.48075309787111664	0.0017883409602667429	0.04691962725471658	0.00001779081022634227	0.000013232662511675165	0.006843628205961447
4.	10.309566991519302	0.30000000000000004	0.	0.45916051308839206	0.4766502487258704	0.0017724968836298253	0.046493197437630654	0.00001772931896959213	0.000013112182731141976	0.015905814545507442
4.	10.334640395898315	0.30000000000000004	0.	0.46525625608472637	0.48356438458778117	0.0017976225882075302	0.04714294490434042	0.000018078698528618383	0.000013294769850550836	0.00222071313641594
4.	10.359713800277326	0.30000000000000004	0.	0.46529299963600307	0.4841868318247162	0.0017993549989961412	0.04718057012685719	0.000018194830229770185	0.000013304303728495916	0.0015220485831975508
4.	10.384787204656337	0.30000000000000004	0.	0.46504283624602316	0.484508476726308	0.0017999731914422256	0.04719041230119147	0.000018300362977699626	0.000013305601676016707	0.0014400011720574063
4.	10.409860609035348	0.30000000000000004	0.	0.4647251068396347	0.48475705301750316	0.0018003239695604406	0.04719462212635349	0.00001840375586416526	0.000013304927926584766	0.0015044902910840013
4.	10.43493401341436	0.30000000000000004	0.	0.4643760525589832	0.48497017229263384	0.001800547187254373	0.047196812643729644	0.000018506389731551402	0.000013303317262158312	0.0016379089276674155
4.	10.460007417793372	0.30000000000000004	0.	0.4640033146223582	0.4851557236507463	0.001800672203945623	0.047197703360902434	0.000018608535400744507	0.00001330098725854824	0.0018239776266466487
4.	10.485080822172383	0.30000000000000004	0.	0.463605698151264	0.4853123848157367	0.0018006941635921505	0.047197120386711554	0.000018710115449410244	0.00001329790259799787	0.0020653923672461286
4.	10.510154226551395	0.30000000000000004	0.	0.46317551839190146	0.4854320264103209	0.0018005829661411645	0.04719423180055515	0.000018810788259477027	0.000013293841615064088	0.002378829642821781
4.	10.535227630930406	0.30000000000000004	0.	0.4626915497355783	0.485492273761609	0.001800255724435789	0.047186824761512966	0.00001890965145175637	0.000013288193219771326	0.002810186365412158
4.	10.560301035309418	0.30000000000000004	0.	0.46206738273312936	0.4854021734486261	0.0017993754306985918	0.04716602736406292	0.000019003100409568234	0.000013278471630852383	0.0035460379230734876
4.	10.58537443968843	0.30000000000000004	0.	0.46011025599868	0.48390678061892056	0.0017932918887402604	0.047009900038146125	0.00001904165490349085	0.000013230372054186224	0.007160729800609514
4.	10.61044784406744	0.30000000000000004	4.7337709047300324e-11	0.45800938381113543	0.4822534221152478	0.0017866307570091643	0.04683964101573137	0.000019073791042910752	0.000013178040802020432	0.01109184846249564
4.	10.635521248446452	0.30000000000000004	1.155460201739433e-6	0.4601600018197081	0.48507482157980464	0.001796550486189204	0.047105095313791416	0.000019283570395889407	0.000013248009658007718	0.005843091769909048
4.	10.660594652825463	0.30000000000000004	6.326773598581174e-6	0.4594651871950132	0.4848966632322898	0.0017953622046578072	0.04708030763297248	0.000019375059207161733	0.000013236057828976579	0.006736777902260946
4.	10.685668057204474	0.30000000000000004	0.00001710963586858602	0.45837094502387055	0.48429300194982194	0.001792603495752428	0.047015277963216445	0.000019449798863359737	0.000013212542091872627	0.008491612132606734
4.	10.710741461583487	0.30000000000000004	0.00003455864686960886	0.45679914305112684	0.4831797767788412	0.001787964618791798	0.046901833517024275	0.000019504128318807997	0.000013175188336426717	0.011277219259027423
4.	10.735814865962498	0.30000000000000004	0.000059377766182523755	0.4543831448883934	0.481167052463409	0.0017800046344410752	0.0467021126947996	0.00001952190564243592	0.000013113390999513279	0.015888785647132073
4.	10.760888270341509	0.30000000000000004	0.00009183041695284594	0.45021991061709504	0.47729449757585835	0.0017651747336351335	0.04632290137486751	0.00001946340452332472	0.000013001029545758862	0.024286221877067825
4.	10.78596167472052	0.30000000000000004	0.00013113829952066914	0.4417949868726717	0.46888728230482185	0.0017335911674781718	0.04550460675458602	0.000019217827379704167	0.000012765360752281113	0.04192917677354177
4.	10.811035079099533	0.30000000000000004	0.00017266504868040597	0.42075880925264375	0.44705887567583336	0.001652421494630785	0.04338483393558596	0.000018416253917254055	0.000012164767289261327	0.08695397833870849
4.	10.836108483478544	0.30000000000000004	0.0001989387563629137	0.3646876464110376	0.387912970849243	0.0014334059821836588	0.03764457207972191	0.000016060859762469635	0.000010549914581991136	0.20810640506168845
4.	10.861181887857555	0.30000000000000004	0.00025083097693397524	0.35678287899796585	0.37992417395014644	0.0014034971713308144	0.0368695813384362	0.000015809801238648485	0.000010327334199332124	0.224753227763948
4.	10.886255292236566	0.30000000000000004	0.00036638690236762324	0.41464095148212987	0.44202082525167996	0.0016324426926906362	0.04289685299865339	0.000018486904242954272	0.00001200913674744313	0.09842405376823551
4.	10.911328696615577	0.30000000000000004	0.0004729318340873095	0.4347476594370634	0.4639630208276574	0.0017130106672823106	0.045028299512949926	0.000019502653488206562	0.000012598860480527659	0.054055575067471405
4.	10.936402100994588	0.30000000000000004	0.0005773732941399808	0.4386944271333231	0.4686857878059507	0.0017299790736922875	0.0454895191934388	0.00001980057557862697	0.000012720658643952943	0.044803112923876516
4.	10.9614755053736	0.30000000000000004	0.0006808470792696908	0.4339750961898726	0.4641475034537352	0.0017127671287224507	0.04505269035603508	0.000019707633803692316	0.00001259113306162299	0.05441138815856129
4.	10.986548909752612	0.30000000000000004	0.0007816031860288317	0.4233197787407685	0.4532411393276298	0.0016720748683528058	0.04399839296478779	0.00001934135484447567	0.000012289102142067037	0.0769676695575878
4.	11.011622314131623	0.30000000000000004	0.0009099892241790197	0.4234755903671681	0.4538963798428563	0.0016740486090537103	0.0440671021596843	0.000019466595238954886	0.000012300722858125353	0.07595742320181953
4.	11.036695718510634	0.30000000000000004	0.0010803164661151007	0.43622596133636865	0.4680642361096263	0.0017258482112809399	0.04544863994737929	0.000020174881453708848	0.00001267837212158701	0.047434823047776076
4.	11.061769122889647	0.30000000000000004	0.0012591442835943533	0.4450191375046373	0.4780092558661307	0.0017620574830098487	0.04642123134464188	0.000020706685017687442	0.000012941347267479225	0.027508466832968356
4.	11.086842527268658	0.30000000000000004	0.0014415222480270628	0.44940287392322953	0.48323146123169175	0.0017808462374661134	0.04693616615919602	0.000021037524908500802	0.000013076290353174319	0.017186092675480963
4.	11.111915931647669	0.30000000000000004	0.001630805714511644	0.4515994396346375	0.4861077820339335	0.0017909854987007729	0.0472241421957117	0.00002126833868455282	0.000013147679416636305	0.011625576583820282
4.	11.13698933602668	0.30000000000000004	0.0018290548037399412	0.4527379375363643	0.4878473956429555	0.0017969358449684651	0.0474025291954929	0.00002145076931426196	0.000013188296517040152	0.00836469620716461
4.	11.162062740405691	0.30000000000000004	0.0020372251794161726	0.45332363269521714	0.4889917163502378	0.0018006942245757265	0.04752387747506826	0.000021607999604409586	0.000013212815970788726	0.006301246075880423
4.	11.187136144784702	0.30000000000000004	0.0022557391412491414	0.45359571268246085	0.4897971485215129	0.0018032062562017917	0.04761306976505762	0.000021751025847989075	0.000013228185961489191	0.004913372607669796
4.	11.212209549163715	0.30000000000000004	0.0024847617876906153	0.45367668201899264	0.4903950577380022	0.001804956370491571	0.04768285011513473	0.000021885487317531077	0.000013237965754677247	0.003933806482370655
4.	11.237282953542726	0.30000000000000004	0.002724324008793716	0.4536340145694518	0.490857819435847	0.001806211438275582	0.04774023578208942	0.000022014492279660313	0.000013244116044919758	0.003215380273262798
4.	11.262356357921737	0.30000000000000004	0.002974379766883999	0.45350725768883154	0.491227865492731	0.0018071279035162474	0.04778933715706501	0.000022139862743931952	0.000013247786184668487	0.0026718921282282357
4.	11.287429762300748	0.30000000000000004	0.003234834675480915	0.4533208363330666	0.49153140959136676	0.0018078024034663758	0.047832690256033865	0.000022262723366173945	0.000013249686127256785	0.0022501640172193846
4.	11.312503166679761	0.30000000000000004	0.0035055613280625736	0.4530905175293799	0.49178537836154174	0.00180829732982512	0.047871929626009044	0.000022383799146128926	0.000013250274234065222	0.0019159320260355578
4.	11.337576571058772	0.30000000000000004	0.00378640812875261	0.4528268704095518	0.4920011219315979	0.001808654512103293	0.047908148602299375	0.000022503574944168786	0.000013249857806861645	0.0016462928407508584
4.	11.362649975437783	0.30000000000000004	0.004077204747251449	0.452537214286889	0.49218650343384607	0.0018089029227270474	0.047942102157971886	0.000022622385384612695	0.000013248649695319558	0.001425450065929923
4.	11.387723379816794	0.30000000000000004	0.0043777657239282034	0.45222676453989075	0.4923471282891538	0.0018090632098644666	0.047974326258645936	0.000022740467788728336	0.000013246801597346324	0.001242211510728057
4.	11.412796784195805	0.30000000000000004	0.004687893010413618	0.4518993327704863	0.49248709544909697	0.0018091504674204735	0.04800521077457344	0.000022857994547332718	0.000013244424408067505	0.001088459533461844
4.	11.437870188574816	0.30000000000000004	0.005007377868022045	0.4515577689895681	0.4926094719194385	0.0018091759846405255	0.04803504555980594	0.00002297509358459521	0.000013241601072348264	0.0009581845849402498
4.	11.46294359295383	0.30000000000000004	0.005335998571822204	0.45120398285058094	0.4927166382992883	0.001809148519530539	0.0480639982076434	0.000023091865308451035	0.000013238389642825213	0.000847141685826211
4.	11.48801699733284	0.30000000000000004	0.005673502244027506	0.4508379349548707	0.4928106620682014	0.0018090756722778753	0.04809189785242741	0.000023208408048070514	0.000013234804941562151	0.0007537188001469977
4.	11.513090401711851	0.30000000000000004	0.006019682687613669	0.45046297413486797	0.49289271519149014	0.0018089617492786972	0.048119270407776055	0.00002332475291417546	0.000013230926014033788	0.0006730710760592534
4.	11.538163806090862	0.30000000000000004	0.006374300980533357	0.4500801857532666	0.49296396760479777	0.0018088110454347916	0.04814622282757042	0.000023440946253298667	0.000013226784491081913	0.0006030708421437686
4.	11.563237210469875	0.30000000000000004	0.006737113030610754	0.4496904596001867	0.4930253796577783	0.0018086270828297857	0.048172841855695994	0.000023557025467432814	0.000013222406322901459	0.0005420217474309402
4.	11.588310614848886	0.30000000000000004	0.0071078703192154905	0.4492945364808572	0.4930777521487219	0.0018084127951711892	0.04819919887258427	0.000023673021180851976	0.000013217813133760151	0.0004885563622691325
4.	11.613384019227897	0.30000000000000004	0.007486320584137417	0.4488930422720466	0.493121762904386	0.001808170662631064	0.04822535346187683	0.000023788958825073632	0.000013213023212375009	0.0004415611560970381
4.	11.638457423606908	0.30000000000000004	0.007872208452238827	0.4484865131663936	0.4931579938970969	0.0018079028118031934	0.04825135602533154	0.000023904859814926428	0.000013208052246061994	0.0004001207873210941
4.	11.66353082798592	0.30000000000000004	0.008265276028939042	0.4480754146006158	0.49318695157790327	0.0018076110906531549	0.0482772497586319	0.00002402074243026409	0.000013202913871212112	0.0003634762008265721
4.	11.68860423236493	0.30000000000000004	0.00866526344966029	0.4476601555951934	0.4932090822801626	0.0018072971252979673	0.04830307214635102	0.000024136622484533646	0.000013197620090315706	0.00033099278085010897
4.	11.713677636743943	0.30000000000000004	0.009071909397496802	0.4472410997412059	0.4932247840207553	0.0018069623635076377	0.04832885608990548	0.00002425251383655185	0.000013192181591468369	0.000302135873292253
4.	11.738751041122955	0.30000000000000004	0.00948495158955005	0.446818573669943	0.49323441559541803	0.001806608108234159	0.04835463081054917	0.00002436842878489921	0.000013186607994643843	0.0002764517975206021
4.	11.763824445501966	0.30000000000000004	0.009904127234882322	0.446392873661165	0.4932383036734886	0.001806235543767075	0.04838042251390081	0.000024484378375766864	0.000013180908043818737	0.0002535529944205153
4.	11.788897849880977	0.30000000000000004	0.010329173465247931	0.44596427080880147	0.49323674834088627	0.001805845756170921	0.048406254940884796	0.00002460037264231142	0.000013175089757113371	0.00023310631536620913
4.	11.81397125425999	0.30000000000000004	0.010759827740972373	0.4455330151186313	0.4932300274948892	0.0018054397494910285	0.0484321497746911	0.000024716420794817084	0.000013169160545859022	0.0002148237005301576
4.	11.839044658639	0.30000000000000004	0.011195828232235352	0.4450993387400875	0.49321840030649444	0.0018050184585242897	0.048458126996051204	0.000024832531369429332	0.000013163127308450536	0.00019845473523777413
4.	11.864118063018012	0.30000000000000004	0.01163691417796929	0.44466345856827394	0.49320211000559383	0.0018045827590942533	0.04848420512684606	0.000024948712347807866	0.000013156996505873952	0.0001837806498748637
4.	11.889191467397023	0.30000000000000004	0.012082826222317372	0.444225578314065	0.4931813860927976	0.0018041334762144273	0.048510401467205144	0.000025064971251068557	0.000013150774221736407	0.0001706094561494259
4.	11.914264871776034	0.30000000000000004	0.012533306730545653	0.44378589019199727	0.4931564461402176	0.001803671390736778	0.04853673224427085	0.00002518131521608456	0.000013144466211173907	0.00015877198701573503
4.	11.939338276155045	0.30000000000000004	0.012988100084060053	0.4433445762650839	0.49312749722181337	0.0018031972446363247	0.048563212770167015	0.00002529775105531001	0.000013138077939754311	0.0001481186631841075
4.	11.964411680534058	0.30000000000000004	0.013446952956684988	0.44290180956364855	0.4930947371010697	0.0018027117454010885	0.048589857536651175	0.0000254142853057395	0.000013131614615809503	0.00013851681123882437
4.	11.989485084913069	0.30000000000000004	0.01390961457142949	0.4424577549751569	0.49305835517091046	0.0018022155695101923	0.0486166803210992	0.000025530924267057215	0.00001312508121608209	0.00012984846762668922
4.	12.01455848929208	0.30000000000000004	0.014375836992674213	0.4420125716191538	0.4930185350560345	0.001801709371982208	0.04864369442337937	0.00002564767412742644	0.000013118482555534963	0.00012200486264851013
4.	12.03963189367109	0.30000000000000004	0.014845375488561708	0.4415664173779902	0.4929754596370782	0.0018011938047600522	0.04867091317617189	0.000025764541219355637	0.000013111823421392393	0.00011487597421860202
4.	12.064705298050104	0.30000000000000004	0.015317988353103213	0.44111943749095034	0.49292929829460347	0.001800669470122642	0.04869834866917284	0.000025881531349943416	0.000013105108234133252	0.00010837619069761079
4.	12.089778702429115	0.30000000000000004	0.015793437257082685	0.44067177047017236	0.492880213457093	0.0018001369446548673	0.04872601239909213	0.00002599865012990693	0.000013098341222336498	0.00010243082177503054
4.	12.114852106808126	0.30000000000000004	0.016271487447760104	0.4402235492988501	0.492828361904289	0.0017995967840372658	0.04875391539690419	0.00002611590303488009	0.000013091526457762649	0.00009697326512445037
4.	12.139925511187137	0.30000000000000004	0.016751907906714776	0.4397749017185894	0.4927738950575473	0.0017990495241312883	0.048782068253025695	0.0000262332954144314	0.000013084667863445278	0.00009194424457703576
4.	12.164998915566148	0.30000000000000004	0.01723447149350095	0.4393259504766781	0.4927169592272429	0.0017984956819060713	0.04881048113266695	0.000026350832498890493	0.000013077769220618553	0.0000872911555060904
4.	12.190072319945159	0.30000000000000004	0.017718955075168547	0.43887681352781643	0.49265769581080376	0.001797935756183512	0.048839163805226564	0.00002646851940434431	0.000013070834174313712	0.00008296750539680403
4.	12.215145724324172	0.30000000000000004	0.01820513964281998	0.43842760421348065	0.4925962414670673	0.0017973702282956872	0.04886812564805197	0.000026586361136332257	0.000013063866238310325	0.00007893243914804116
4.	12.240219128703183	0.30000000000000004	0.018692810415151754	0.43797843140892784	0.492532728255553	0.001796799562613135	0.04889737566751139	0.00002670436259190689	0.000013056868799141768	0.00007515032765091634
4.	12.265292533082194	0.30000000000000004	0.019181756930184497	0.43752939965893073	0.4924672837641477	0.0017962242070299035	0.0489269225024108	0.00002682252856124999	0.000013049845119780606	0.00007159040873511158
4.	12.290365937461205	0.30000000000000004	0.019671773125041776	0.4370806092894985	0.49240003121075643	0.0017956445933527503	0.04895677443544786	0.000026940863728123247	0.000013042798342622096	0.00006822648217459648
4.	12.315439341840218	0.30000000000000004	0.020162657404735884	0.43663215650943465	0.4923310895343599	0.0017950611376509418	0.04898693940186476	0.000027059372669670103	0.000013035731492176994	0.00006503663928420639
4.	12.340512746219229	0.30000000000000004	0.020654212700498414	0.43618413350429974	0.49226057347829594	0.0017944742405769853	0.049017424991912535	0.000027178059856171956	0.000013028647477548917	0.00006200302456029622
4.	12.36558615059824	0.30000000000000004	0.02114624651781029	0.4357366285171152	0.49218859365930917	0.0017938842876348208	0.049048238459058556	0.000027296929649853312	0.000013021549094526471	0.00005911162942212611
4.	12.390659554977251	0.30000000000000004	0.02163857097501291	0.4352897259261698	0.49211525663398187	0.001793291649437863	0.04907938672786701	0.000027415986303800128	0.000013014439027598195	0.00005635210122676565
4.	12.415732959356262	0.30000000000000004	0.022131002833177888	0.4348435063245066	0.49204066496770044	0.001792696681975713	0.04911087637217962	0.0000275352339609028	0.000013007319852027037	0.000053717586498823466
4.	12.440806363735273	0.30000000000000004	0.022623363515961014	0.4343980465675997	0.491964917268235	0.0017920997267513786	0.04914271367314035	0.00002765467665123514	0.000013000194034982203	0.000051204571661259135
4.	12.465879768114286	0.30000000000000004	0.023115479123449575	0.43395341986108926	0.49188810826516743	0.0017915011110850665	0.04917490456875451	0.000027774318291672006	0.000012993063937876702	0.00004881275216253589
4.	12.490953172493297	0.30000000000000004	0.02360718043654449	0.43350969581098897	0.4918103288474227	0.001790901148264808	0.04920745468285785	0.000027894162683404973	0.000012985931817590736	0.00004654491123773363
4.	12.516026576872308	0.30000000000000004	0.024098302914856866	0.4330669404879041	0.4917316661171572	0.0017903001377562189	0.04924036932507704	0.000028014213510401402	0.000012978799828121423	0.00004440680373821865
4.	12.54109998125132	0.30000000000000004	0.024588686687738504	0.43262521648929064	0.49165220344194555	0.0017896983654056029	0.04927365349185106	0.00002813447433794325	0.000012971670022181429	0.000042407049430648325
4.	12.566173385630332	0.30000000000000004	0.025078176538712707	0.4321845829977093	0.4915720205029246	0.0017890961036278706	0.04930731187045544	0.00002825494861074506	0.000012964544352684929	0.00004055703795931981
4.	12.591246790009343	0.30000000000000004	0.025566621883943538	0.4317450958398539	0.4914911933442987	0.001788493611598995	0.049341348843748925	0.000028375639651409343	0.000012957424674263782	0.00003887083690455595
4.	12.616320194388354	0.30000000000000004	0.026053876745265728	0.43130680754863376	0.4914097944268072	0.0017878911354624483	0.049375768489789786	0.000028496550658993467	0.000012950312744882356	0.00003736510338214066
4.	12.641393598767365	0.30000000000000004	0.0265397997177122	0.4308697674209284	0.49132789267675275	0.0017872889085190592	0.04941057458937886	0.000028617684707620975	0.000012943210227329697	0.00003605900200109868
4.	12.931083530086722	0.30000000000000004	0.03201636305307943	0.425923387332642	0.49036373233700997	0.0017804109482197573	0.049841633803448714	0.00003003425723703929	0.000012862269949025683	0.000044438268363027056
4.	13.220773461406079	0.30000000000000004	0.037134714863775654	0.4212093663053533	0.4894349131925911	0.0017739103003801076	0.05032907320399623	0.000031485926202411724	0.000012784919337949025	0.00008653620770127796
4.	13.510463392725436	0.30000000000000004	0.04179848006200145	0.4167946206935528	0.48864662990548496	0.001768143698314901	0.05087892592198052	0.00003297958190035375	0.000012713534447186914	0.00008022013676505652
4.	13.800153324044793	0.30000000000000004	0.045962998266039536	0.4126875726818387	0.48801577251829437	0.001763149275665915	0.051492681166729705	0.00003451719989089823	0.000012648563207880352	0.000043308891540860817
4.	14.08984325536415	0.30000000000000004	0.04961963699448826	0.4088619009930559	0.4875291828267452	0.0017588590311942893	0.052166953518627594	0.00003609895766707945	0.000012589464110460364	0.000027367678221756897
4.	14.379533186683506	0.30000000000000004	0.052787739638765784	0.4053056796306924	0.4871892361343623	0.0017552634850648387	0.052900264391003024	0.00003772618078895236	0.00001253611249820743	0.00002409053932257016
4.	14.669223118002863	0.30000000000000004	0.0555024489942404	0.4020028736022836	0.48699223355299875	0.0017523332306173698	0.053690727753463514	0.00003939984402343049	0.000012488237557290863	0.00001998302237288946
4.	14.95891304932222	0.30000000000000004	0.0578056045332328	0.3989257584115329	0.48692381955694336	0.0017500023473714765	0.0545344989228466	0.00004112010226798723	0.000012445220552667082	0.00001919612580483787
4.	15.248602980641577	0.30000000000000004	0.059742451412293326	0.3960501968972644	0.4869670157211828	0.0017481972297594408	0.05542855121047413	0.00004288673033173793	0.00001240648914959803	0.000020700798694171796
4.	15.538292911960934	0.30000000000000004	0.061358372099437626	0.3933564418169109	0.48710322918916293	0.0017468400345978968	0.056370876658307846	0.000044699149038084066	0.00001237154530183657	0.000019541052544751192
4.	15.82798284328029	0.30000000000000004	0.06269546482796937	0.39082202990224807	0.487314262160288	0.0017458557161101926	0.05735856190947947	0.0000465566399552509	0.000012339824843831072	0.00001726884394961936
4.	16.117672774599647	0.30000000000000004	0.06379217365489079	0.38842658249270845	0.4875834693472193	0.0017451759930639428	0.058388838892307116	0.00004845842038864045	0.00001231081261286148	0.000015301199421786926
4.	16.407362705919002	0.30000000000000004	0.06468299662827166	0.3861528605811303	0.4878972436970491	0.0017447444921947363	0.059459253723887634	0.00005040381172685467	0.000012284078316749702	0.000012497065739650037
4.	16.69705263723836	0.30000000000000004	0.06539761911815399	0.3839823846504134	0.48824376821227683	0.0017445121201377337	0.06056660504864678	0.000052392180103112636	0.000012259170497006594	0.000012718670268141441
4.	16.986742568557716	0.30000000000000004	0.06596268345021132	0.3819032602587537	0.488611627997318	0.0017444319813116078	0.06170924724100957	0.00005442273051678869	0.0000122357815698568	0.000014326340879056154
4.	17.276432499877075	0.30000000000000004	0.06640118902516494	0.37990535471220277	0.48899147116377	0.00174446521224999	0.06288570828984909	0.00005649474742979003	0.000012213654356500532	0.00001531684933339661
4.	17.56612243119643	0.30000000000000004	0.06673262833767991	0.37797895930607633	0.4893757944951281	0.0017445801170289975	0.06409433266823555	0.00005860761319842667	0.000012192550954612878	0.00001509746265271339
4.	17.85581236251579	0.30000000000000004	0.06697353568537733	0.37611534295325555	0.4897579666321008	0.0017447486027806494	0.0653335375847673	0.00006076070743300934	0.000012172258228429142	0.000014107834285348453
4.	18.145502293835143	0.30000000000000004	0.06713794155710728	0.37430701640727765	0.49013263286091685	0.0017449475584592428	0.06660186769503118	0.00006295347200535602	0.000012152597291731835	0.000012640449202433457
4.	18.435192225154502	0.30000000000000004	0.0672373041954426	0.372545668978087	0.4904965039242292	0.0017451616023305666	0.067897256894116	0.00006518556274761131	0.000012133383020299902	0.000012918843046993977
4.	18.724882156473857	0.30000000000000004	0.06728210045097804	0.3708278110363707	0.4908451978110437	0.0017453717918282786	0.06921920118426131	0.00006745638485283183	0.000012114528784201833	0.000012861340665151766
4.	19.014572087793216	0.30000000000000004	0.06728083955149726	0.36914881191766874	0.49117537263922434	0.0017455631825501212	0.07056667217098404	0.00006976543571510009	0.000012095927904505731	0.000012975102360437973
4.	19.30426201911257	0.30000000000000004	0.06724071795367324	0.36750481364124893	0.49148486618812726	0.0017457252846548737	0.07193870686056617	0.00007211233002142663	0.000012077498191220048	0.000013057741708150106
4.	19.59395195043193	0.30000000000000004	0.06716782400445773	0.3658925814628433	0.4917722054514146	0.0017458502858493541	0.0733344242726664	0.00007449674868772637	0.000012059175128863511	0.000012617774080805888
4.	19.883641881751284	0.30000000000000004	0.06706720534871849	0.3643088668426238	0.4920360986765362	0.001745931221539462	0.0747528648016084	0.00007691837671106477	0.000012040893733913469	0.000012114732262660799
4.	20.17333181307064	0.30000000000000004	0.06694291642105346	0.3627499291375662	0.492275989075881	0.0017459639185841275	0.07619273099059606	0.00007937346814194018	0.000012022581525322833	0.000013096988177238589
4.	20.463021744389998	0.30000000000000004	0.0667989632772104	0.36121520554433434	0.49249100079565744	0.0017459432362637959	0.07765389649093002	0.00008186177112260014	0.000012004235593841103	0.000013128884481392045
4.	20.752711675709357	0.30000000000000004	0.0666384111762195	0.3597026284522686	0.49268037217270005	0.0017458645896936318	0.07913565939702924	0.00008438495560032016	0.000011985818263810301	0.000012679256488692947
4.	21.04240160702871	0.30000000000000004	0.0664638374035563	0.35821030104358964	0.4928435009247652	0.0017457240959995563	0.08063735832823418	0.00008694257921829154	0.00001196729592824444	0.000012335624636747311
4.	21.332091538348067	0.30000000000000004	0.06627747510987113	0.35673683213549695	0.4929804160086758	0.0017455202322491162	0.08215842337798902	0.00008953429191795872	0.000011948650525224357	0.000011798843799926129
4.	21.621781469667425	0.30000000000000004	0.06608114337351764	0.35528065764269795	0.4930914572837855	0.0017452526869745004	0.08369789722681158	0.00009215979647636088	0.000011929861360536988	0.000011431989736437886
4.	21.911471400986784	0.30000000000000004	0.0658763343733255	0.3538401195359711	0.4931766592256297	0.0017449201685850232	0.08525515443720239	0.00009481873315763946	0.000011910902457171775	0.000011993526128684096
4.	22.20116133230614	0.30000000000000004	0.06566457144664083	0.35241492159379045	0.4932359139944259	0.0017445209759395196	0.08683006400022976	0.00009751069036746485	0.000011891777770265905	0.00001249729860600124
4.	22.490851263625494	0.30000000000000004	0.06544704043962077	0.3510042878283564	0.49326960659088914	0.0017440552374507583	0.08842224716575918	0.00010023535242981468	0.000011872483193642456	0.000012527385493843468
4.	22.780541194944853	0.30000000000000004	0.06522471116892542	0.3496073003551854	0.4932778914105679	0.001743522344373461	0.09003131103388047	0.00010299235371087466	0.000011853009002334434	0.000012271333356447811
4.	23.07023112626421	0.30000000000000004	0.06499840095242315	0.34822308760307985	0.4932609564663208	0.0017429218796904298	0.09165689485385049	0.00010578132898817567	0.000011833346232726873	0.00001195691564706558
4.	23.359921057583566	0.30000000000000004	0.06476879335070469	0.34685087170619266	0.4932197919301115	0.0017422563271851364	0.09329787514232142	0.00010860208874265105	0.000011813493538444529	0.00001180945474182904
4.	23.64961098890292	0.30000000000000004	0.06453651003698345	0.3454900672471409	0.49315470392807004	0.0017415258139361197	0.09495390722036803	0.0001114542949476666	0.000011793448500349995	0.000011831458553754337
4.	23.93930092022228	0.30000000000000004	0.06430213465333005	0.34414035692034495	0.49306577552977693	0.0017407297368363913	0.0966247885421733	0.00011433755097353845	0.000011773212936012048	0.000011877066564885963
4.	24.22899085154164	0.30000000000000004	0.06406611842187261	0.3428012357158761	0.4929533926198508	0.001739868615510586	0.0983101172085878	0.000117251528688787	0.000011752786103780132	0.000012015889613331554
4.	24.518680782860994	0.30000000000000004	0.06382887037080609	0.34147236472228676	0.4928181627026268	0.0017389438005306135	0.10000954608576589	0.00012019595360710316	0.000011732172443197412	0.000011916364376821087
4.	24.80837071418035	0.30000000000000004	0.06359071228274298	0.3401532746842541	0.49266049063267153	0.0017379559722722425	0.10172271632710833	0.0001231705058594998	0.000011711371452240149	0.000011679595091351747
4.	25.098060645499707	0.30000000000000004	0.06335181625456042	0.33884305875288445	0.4924808322480362	0.001736906033174343	0.10344927134852117	0.00012617488444723084	0.000011690372267924438	0.000011940478376187835
4.	25.387750576819066	0.30000000000000004	0.06311252576680199	0.33754183948380484	0.49227982236968415	0.0017357955559329607	0.10518878518367758	0.00012920882820005431	0.000011669189408309725	0.000012022811898423913
4.	25.67744050813842	0.30000000000000004	0.06287307640241364	0.3362493984381957	0.4920577847333315	0.0017346250525075127	0.10694098574392137	0.00013227200082672073	0.000011647826748397563	0.000011857628803527143
4.	25.967130439457776	0.30000000000000004	0.06263363352104605	0.33496535270898903	0.49181502630105567	0.0017333950101848816	0.10870551557610299	0.00013536406273036752	0.00001162628385169802	0.000011712819891013249
4.	26.256820370777135	0.30000000000000004	0.06239435123239206	0.333689420793906	0.4915519910994316	0.0017321064314219697	0.11048205385370195	0.00013848471234063247	0.000011604563437753394	0.000011591876805883139
4.	26.54651030209649	0.30000000000000004	0.06215536531760527	0.33242136340794587	0.49126917563723405	0.0017307605332410369	0.1122704108400811	0.0001416336664570441	0.000011582669368962263	0.000011290597435723027
4.	26.836200233415845	0.30000000000000004	0.06191670209224551	0.33116054519809796	0.490967144219408	0.0017293587990559298	0.1140699679230818	0.00014481067167733362	0.00001156059628457318	0.000011471096433374184
4.	27.125890164735203	0.30000000000000004	0.06167853765354553	0.3299070929906184	0.49064615650967874	0.0017279016650632345	0.11588058591362933	0.0001480153794992454	0.000011538354559192973	0.000011709887965435928
4.	27.415580096054562	0.30000000000000004	0.06144097532297636	0.32866089929203063	0.4903067258243649	0.0017263904853712262	0.11770201225048924	0.00015124752336079526	0.000011515950660013996	0.0000117493014068909
4.	27.705270027373917	0.30000000000000004	0.06120408330172643	0.3274217526751397	0.4899492312969052	0.0017248261642962223	0.11953395818663862	0.00015450680105104847	0.00001149338737379026	0.000011641574242785002
4.	27.994959958693272	0.30000000000000004	0.06096790904980273	0.3261894017988733	0.48957398492691806	0.0017232093913638192	0.12137617860436328	0.00015779289184934833	0.000011470665835604327	0.000011523336829383224
4.	28.28464989001263	0.30000000000000004	0.060732496389901094	0.3249636473001811	0.4891814615629383	0.0017215414495396152	0.12322836943149285	0.00016110553087051948	0.000011447789445092148	0.000011378335076528412
4.	28.57433982133199	0.30000000000000004	0.06049785696655223	0.32374419555291417	0.4887722235796469	0.001719823948487755	0.12509006331143988	0.0001644444907914358	0.000011424759790039113	0.00001139215016762729
4.	28.864029752651344	0.30000000000000004	0.06026406907179328	0.32253107214831517	0.48834644594645754	0.0017180571523412102	0.1269611537795873	0.00016780941416540447	0.000011401583131329997	0.000011392487340083912
4.	29.153719683970703	0.30000000000000004	0.06003115841054646	0.3213241074109954	0.48790444233835284	0.0017162418303372944	0.12884137516650382	0.00017119999385758035	0.000011378261899122042	0.000011474849406667431
4.	29.443409615290058	0.30000000000000004	0.059799158709374106	0.32012321208669914	0.4874466433561539	0.0017143791788344373	0.13073054008564214	0.00017461596728523973	0.000011354801183249503	0.000011450616011071668
4.	29.733099546609417	0.30000000000000004	0.059568089048148025	0.3189282516416875	0.48697340644656434	0.0017124701516598095	0.13262837763144075	0.00017805705149508423	0.000011331204297795383	0.000011348029004432103
4.	30.02278947792877	0.30000000000000004	0.059337945149681874	0.3177390110224969	0.48648511874088934	0.001710515821025118	0.13453452824028697	0.00018152315443360797	0.000011307472682416009	0.000011357871186168378
4.	30.31247940924813	0.30000000000000004	0.059108736945582475	0.3165553683312065	0.4859822153588527	0.0017085174410014744	0.13644871611330728	0.00018501594207086762	0.000011283610251182107	0.000011429867978640651
4.	30.602169340567485	0.30000000000000004	0.05888050505535635	0.3153773506977512	0.4854649590551815	0.0017064756720907583	0.1383708252113583	0.00018853309884779513	0.0000112596231542721	0.000011351209414117713
4.	30.891859271886844	0.30000000000000004	0.058653246732513854	0.3142047982884232	0.4849335770178383	0.0017043910617238276	0.14030065192013583	0.00019207429812583216	0.00001123551262144757	0.000011260681239161352
4.	31.1815492032062	0.30000000000000004	0.05842696638183981	0.3130376077845461	0.48438837927987455	0.001702264459800464	0.1422379153068655	0.00019563924741249753	0.000011211281753872783	0.000011227539661096131
4.	31.471239134525554	0.30000000000000004	0.058201676216312996	0.31187573392925716	0.4838297623450922	0.0017000970306267223	0.14418240356653908	0.0001992276932858022	0.000011186935600200643	0.000011099218886090334
4.	31.760929065844913	0.30000000000000004	0.057977353883600855	0.3107189786709845	0.48325807227522427	0.0016978897711272714	0.14613378977288963	0.0002028393689606747	0.000011162474999689725	0.000011076257212860874
4.	32.050618997164264	0.30000000000000004	0.05775400133707189	0.30956726025158965	0.4826735499271933	0.001695643318032317	0.14809188696782621	0.00020647396574990405	0.000011137902751204924	0.00001118423253668177
4.	32.34030892848362	0.30000000000000004	0.057531639060225584	0.3084205985529146	0.4820764929503784	0.0016933585166161494	0.15005656267005307	0.0002101312009885613	0.000011113224473339881	0.00001121704882364738
4.	32.62999885980298	0.30000000000000004	0.05731026794489352	0.3072789314282137	0.48146720176718355	0.0016910362303770793	0.15202759452174	0.00021381079821043922	0.000011088443712363719	0.000011157309381559788
4.	32.91968879112234	0.30000000000000004	0.057089880815575506	0.30614216273672	0.4808459208274691	0.0016886771342775565	0.15400476106642452	0.00021751245996093054	0.000011063562681592034	0.000011084959572305042
4.	33.2093787224417	0.30000000000000004	0.0568704727692802	0.30501021679999357	0.48021292374737334	0.0016862820133927948	0.1559878576224419	0.00022123590491092578	0.000011038584226539388	0.000011011142607347812
4.	33.49906865376106	0.30000000000000004	0.056652023905139945	0.30388296360903383	0.4795685973315429	0.0016838520574781932	0.15797660166577854	0.000224980910109562	0.00001101351060535696	0.000010980520917025505
4.	33.78875858508041	0.30000000000000004	0.05643454215530881	0.3027603929188585	0.4789131255822319	0.0016813877510109786	0.15997084107358264	0.00022874716090196646	0.000010988345451974805	0.000010963358105214871
4.	34.07844851639977	0.30000000000000004	0.056218024245137894	0.30164244883351626	0.47824670814619646	0.0016788896400459776	0.16197039693786738	0.0002325343521285567	0.000010963091323087316	0.000010997845107468818
4.	34.36813844771912	0.30000000000000004	0.05600247010791469	0.3005291028897561	0.47756963763220495	0.0016763586032521917	0.16397509475179364	0.00023634222693021524	0.00001093775206700061	0.00001099378814820029
4.	34.65782837903848	0.30000000000000004	0.055787873980881204	0.2994203009383866	0.47688216396990557	0.0016737953753675823	0.1659847583545066	0.00024017051228452564	0.00001091233051754934	0.000010936868667904553
4.	34.947518310357836	0.30000000000000004	0.05557422764742819	0.2983159801993718	0.47618452298045066	0.0016712006472448593	0.16799917356273578	0.00024401893200081765	0.00001088682912554426	0.000010876030767964506
4.	35.237208241677195	0.30000000000000004	0.055361506997533894	0.29721601413774906	0.4754770401766792	0.0016685754298583835	0.17001804648673174	0.000247887261724826	0.000010861249355252704	0.000010929509722840125
4.	35.52689817299655	0.30000000000000004	0.05514972942977004	0.29612046332800174	0.47475990738034973	0.0016659202700670742	0.17204131900722472	0.0002517752103593413	0.000010835596262366705	0.000010885374227359579
4.	35.81658810431591	0.30000000000000004	0.054938884357717085	0.2950292594885098	0.4740333071556057	0.0016632356871625433	0.1740688113167916	0.00025568248574270346	0.000010809871588299192	0.000010819508470510941
4.	36.10627803563526	0.30000000000000004	0.05472896265129947	0.2939423450633962	0.4732974372131046	0.001660522258265404	0.17610032576742718	0.0002596088063807202	0.000010784077394248744	0.000010798240126452807
4.	36.39596796695462	0.30000000000000004	0.054519962517617836	0.29285970453078136	0.47255256113320704	0.0016577807960251453	0.1781357011093783	0.000263553930573192	0.000010758217215781653	0.000010735982417214851
4.	36.68565789827397	0.30000000000000004	0.05431187309172752	0.2917812792552748	0.4717989075703723	0.001655011994744229	0.1801747421754108	0.00026751760271662357	0.00001073229320803658	0.0000106683097537974
4.	36.97534782959333	0.30000000000000004	0.05410467658886495	0.2907069798520766	0.47103670193124714	0.0016522165413432755	0.18221721868001092	0.00027149957020716303	0.000010706306682128427	0.000010706836249901874
4.	37.26503776091269	0.30000000000000004	0.05389838101859381	0.2896368357961864	0.4702661183047373	0.0016493949465802922	0.18426303852865913	0.0002754995533550449	0.000010680261486237124	0.000010731851888073907
4.	37.55472769223205	0.30000000000000004	0.05369298313269783	0.2885708293364896	0.4694873809362009	0.001646547900819743	0.18631204883142863	0.000279517306024062	0.000010654160617179931	0.000010692556339175763
4.	37.84441762355141	0.30000000000000004	0.05348847383471919	0.28750891289628716	0.4687006641875673	0.0016436759229748583	0.18836408240570138	0.00028355255678877964	0.000010628005916382642	0.00001063819596139326
4.	38.134107554870766	0.30000000000000004	0.053284845024158194	0.2864510456902869	0.467906151868413	0.0016407795684613507	0.1904189709501353	0.000287605043161269	0.00001060179941970387	0.000010601855383984837
4.	38.42379748619012	0.30000000000000004	0.05308208933669113	0.2853971972564464	0.4671041006171772	0.00163785965127507	0.1924765285351265	0.00029167455213776407	0.000010575543912669874	0.000010550051145891137
4.	38.71348741750948	0.30000000000000004	0.05288019747474571	0.2843473235718311	0.4662946946053443	0.0016349167343320604	0.19453657989684084	0.00029576083106989205	0.000010549241267412477	0.000010526885836165123
4.	39.00317734882883	0.30000000000000004	0.05267916772635096	0.2833014128402063	0.46547805981172274	0.0016319511794608186	0.19659901564160087	0.0002998635930831386	0.000010522893698433026	0.000010529207575188382
4.	39.29286728014819	0.30000000000000004	0.05247899616504631	0.28225944913125817	0.4646543911283433	0.0016289635929374693	0.19866368733873413	0.0003039825986758658	0.000010496503785689544	0.000010530045004897293
4.	39.582557211467545	0.30000000000000004	0.052279679096598544	0.2812214186558825	0.46382388586945905	0.001625954592200947	0.20073045212382418	0.00030811761461897085	0.000010470074144950184	0.000010492047415766592
4.	39.872247142786904	0.30000000000000004	0.052081209040366186	0.28018728805968374	0.46298670793661295	0.0016229246801211879	0.20279915612771887	0.0003122683900619193	0.000010443606620181457	0.000010445765435213028
4.	40.16193707410626	0.30000000000000004	0.05188357368545679	0.27915700477515587	0.46214305792421145	0.0016198744906524972	0.2048696044927372	0.0003164352504589067	0.000010417102804902205	0.000010449381327271023
4.	40.451627005425614	0.30000000000000004	0.051686773705344136	0.2781305769557293	0.461293123247169	0.0016168046138920911	0.20694168233741536	0.0003206178715036954	0.000010390565690189543	0.00001042126894643114
4.	40.74131693674497	0.30000000000000004	0.051490805648209466	0.27710798967038286	0.4604370346571885	0.0016137154435943884	0.20901526923332897	0.0003248155609635555	0.000010363997240845612	0.000010369786332148356
4.	41.031006868064324	0.30000000000000004	0.051295661806809834	0.2760892091317934	0.45957493074636807	0.0016106074031864742	0.2110902192433902	0.00032902806089414734	0.000010337398972659936	0.000010343607557805612
4.	41.32069679938368	0.30000000000000004	0.0511013389960615	0.2750742263782903	0.45870699028269696	0.0016074810589843504	0.21316639870541426	0.00033325514543141894	0.0000103107732918319	0.000010309433121191702
4.	41.61038673070304	0.30000000000000004	0.050907833118526105	0.27406302798024224	0.45783338364494297	0.0016043369498876955	0.2152436731647093	0.00033749658723707923	0.0000102841224016821	0.000010248554454667103
4.	41.9000766620224	0.30000000000000004	0.05071513130806564	0.27305556019399935	0.4569542887608686	0.0016011756431534173	0.21732184784608005	0.000341752169554198	0.000010257447511954011	0.000010244078278848212
4.	42.18976659334176	0.30000000000000004	0.050523234004711225	0.27205182823006746	0.4560698289655133	0.0015979975165762046	0.21940083262675422	0.00034602163825011927	0.00001023075089563692	0.00001025701812742974
4.	42.47945652466112	0.30000000000000004	0.05033214056511329	0.2710518357187273	0.45518016967929753	0.0015948030971893808	0.22148051803885602	0.0003503047745680327	0.000010204035069624944	0.000010228126248401637
4.	42.76914645598047	0.30000000000000004	0.05014184524533072	0.2700555603371693	0.45428544611308785	0.001591592807871626	0.22356077064109037	0.00035460134090811447	0.00001017730164699048	0.000010183514542044803
4.	43.05883638729983	0.30000000000000004	0.04995234202604261	0.2690629785401682	0.453385790419692	0.0015883670624250513	0.22564145655737097	0.0003589111006965824	0.000010150552161850975	0.000010154293604597298
4.	43.34852631861918	0.30000000000000004	0.04976362822535588	0.2680740853495659	0.4524813693117139	0.0015851263972945725	0.22772245216515108	0.00036323384854185714	0.000010123788848088425	0.00001010470237683414
4.	43.63821624993854	0.30000000000000004	0.04957569438503547	0.2670888446394565	0.45157235705695264	0.0015818713768805178	0.229803582986084	0.00036756939060436823	0.000010097013179184977	0.000010080164986492335
4.	43.927906181257896	0.30000000000000004	0.049388540533125344	0.2661072589398174	0.45065884286841984	0.0015786022690730092	0.2318847730161637	0.0003719174675640291	0.00001007022696593614	0.000010064905836715266
4.	44.217596112577255	0.30000000000000004	0.04920216280611916	0.2651293159646719	0.44974096064584573	0.0015753194997092247	0.23396590049651858	0.0003762778596949235	0.000010043431948017424	0.000010062727440529606
4.	44.50728604389661	0.30000000000000004	0.04901655941526615	0.26415501476270814	0.44881886273816374	0.0015720235605859569	0.23604685586218682	0.0003806503668457227	0.000010016630267474355	0.00001003329424351107
4.	44.796975975215965	0.30000000000000004	0.04883172564549164	0.263184338749201	0.4478926742027746	0.0015687148491905954	0.23812751729583592	0.00038503477028783853	9.989823447755455e-6	9.994487218306647e-6
4.	45.08666590653532	0.30000000000000004	0.04864793980138117	0.2622187983805076	0.4469651390803619	0.0015654029367016395	0.240203311734751	0.0003894331369901331	9.963071129249611e-6	9.974929306572067e-6
4.	45.37635583785468	0.30000000000000004	0.04846556760228265	0.2612603767773953	0.44603983343264253	0.0015621003079053868	0.24226831793693065	0.00039384839509614604	9.936451199526805e-6	9.95554774735341e-6
4.	45.66604576917404	0.30000000000000004	0.04828393635561281	0.2603054526318072	0.4451106863712166	0.001558785663107098	0.24433294960212373	0.0003982750083928878	9.909827840453719e-6	9.914367739671803e-6
4.	45.95573570049339	0.30000000000000004	0.048103040676769376	0.25935400513663137	0.44417780003240176	0.0015554593243441055	0.24639709910042917	0.00040271275050017297	9.883202214265875e-6	9.882978924014019e-6
4.	46.24542563181275	0.30000000000000004	0.04792287674010126	0.2584060219585913	0.4432412902633548	0.0015521216627398698	0.24846066710153714	0.00040716141061065606	9.856575781548142e-6	9.86086306503653e-6
4.	46.53511556313211	0.30000000000000004	0.04774344217835261	0.2574614986879254	0.4423012857884477	0.0015487730955360752	0.250523562477129	0.00041162079361888363	9.829950282211722e-6	9.816978990384584e-6
4.	46.82480549445147	0.30000000000000004	0.04756473046523451	0.2565204106338395	0.44135790520559187	0.0015454140054991855	0.25258566097540863	0.0004160906994230236	9.803326845081893e-6	9.788015003342476e-6
4.	47.11449542577082	0.30000000000000004	0.04738673715808409	0.2555827421072078	0.44041125437895234	0.001542044731761592	0.2546468617332255	0.000420570919669707	9.776706718876207e-6	9.788971099045085e-6
4.	47.40418535709018	0.30000000000000004	0.04720946234518725	0.2546484989364641	0.4394614396622905	0.0015386656160928918	0.256707105974505	0.00042506124983032094	9.75009169216315e-6	9.766215629869457e-6
4.	47.69387528840954	0.30000000000000004	0.04703290211668397	0.2537176677521819	0.43850856195508175	0.0015352769820557292	0.25876630138717177	0.0004295614837868039	9.723483005534374e-6	9.728323038027398e-6
4.	47.983565219728895	0.30000000000000004	0.04685705191495663	0.25279023171240006	0.4375527154558059	0.0015318791306121358	0.2608243525129469	0.0004340714122072714	9.696881745578299e-6	9.69786107124504e-6
4.	48.27325515104825	0.30000000000000004	0.046681908725503624	0.251866182314414	0.4365940080915822	0.001528472411618643	0.26288117282817025	0.0004385908427290136	9.670289298126791e-6	9.664785982355095e-6
4.	48.562945082367605	0.30000000000000004	0.04650746789930736	0.25094550476075783	0.4356325670344392	0.0015250572431000883	0.2649366517371361	0.0004431196066339669	9.643707116251135e-6	9.631718625446872e-6
4.	48.852635013686964	0.30000000000000004	0.0463337262503492	0.25002818782244474	0.4346684720459214	0.0015216338778717253	0.2669907131941673	0.00044765749116453706	9.617136065212743e-6	9.609318081138518e-6
4.	49.14232494500632	0.30000000000000004	0.04616068094753629	0.24911422215302698	0.43370180498709215	0.0015182025768515385	0.2690432844250552	0.00045220428844578304	9.590577386483364e-6	9.600621992011948e-6
4.	49.432014876325674	0.30000000000000004	0.04598833018874516	0.24820360514308082	0.43273267333134496	0.0015147636913383044	0.27109429226129134	0.0004567598205580945	9.56403255756438e-6	9.575563641395224e-6
4.	49.72170480764503	0.30000000000000004	0.045816670462953034	0.2472963249571652	0.4317611679097085	0.0015113175150662972	0.27314365425672477	0.00046132389605224534	9.53750268329893e-6	9.54100233002686e-6
4.	50.01139473896439	0.30000000000000004	0.045645697882152045	0.24639236771520953	0.430787375350954	0.001507864327733545	0.27519128611022897	0.0004658963436798498	9.510988771785066e-6	9.5122700420891e-6
4.	50.30108467028374	0.30000000000000004	0.04547540792238586	0.24549171882952195	0.42981141432020864	0.0015044045218213578	0.2772370819558592	0.00047047751271441093	9.484492033271295e-6	9.494937488641053e-6
4.	50.5907746016031	0.30000000000000004	0.04530579987409529	0.2445943786242547	0.4288333589628593	0.0015009383346057956	0.279280996213243	0.0004750666877802269	9.458013726336755e-6	9.461303161595325e-6
4.	50.88046453292246	0.30000000000000004	0.045136870104664564	0.24370033365381336	0.42785328372572246	0.0014974660050305752	0.281322953439245	0.0004796636707663598	9.431554743857835e-6	9.429400757654527e-6
4.	51.17015446424182	0.30000000000000004	0.04496861520342874	0.24280957199189818	0.42687126931581876	0.0014939877945409558	0.2833628777606641	0.0004842682734634969	9.405116051611174e-6	9.409660185810687e-6
4.	51.45984439556117	0.30000000000000004	0.04480103342676767	0.2419220906936649	0.4258874116683103	0.0014905040184464132	0.28540070431403586	0.0004888803283234436	9.37869894752719e-6	9.375550451384829e-6
4.	51.74953432688053	0.30000000000000004	0.04463412120756581	0.24103787721829745	0.4249017927030675	0.001487014943552143	0.2874363554216067	0.000493499655599093	9.35230436737005e-6	9.338850311346736e-6
4.	52.03922425819989	0.30000000000000004	0.04446787353952204	0.24015691296476988	0.4239145048096549	0.001483520873834425	0.2894697320234096	0.0004981260912853763	9.325933146665283e-6	9.329697523763336e-6
4.	52.328914189519246	0.30000000000000004	0.044302290242272974	0.23927920053304064	0.4229256168135661	0.0014800220313176068	0.29150080033262177	0.0005027594472221097	9.299586519927407e-6	9.310599958844978e-6
4.	52.6186041208386	0.30000000000000004	0.044137368745081854	0.23840473194030376	0.42193520769191084	0.001476518674052323	0.2935294958297211	0.0005073995503433417	9.2732654712967e-6	9.277568586762985e-6
4.	52.908294052157956	0.30000000000000004	0.04397310560917566	0.23753349448939023	0.42094334756076657	0.0014730110295634296	0.2955557487385646	0.0005120462202237694	9.246970803319045e-6	9.246352315750439e-6
4.	53.197983983477314	0.30000000000000004	0.04380949792879444	0.23666547833392942	0.41995011104380464	0.0014694993416179004	0.29757949320492755	0.0005166992849725811	9.220703415232898e-6	9.220861953485038e-6
4.	53.48767391479667	0.30000000000000004	0.04364654339105526	0.2358006775062397	0.41895558802216987	0.0014659839078229992	0.29960066263508306	0.0005213585950013822	9.194464408465946e-6	9.185942627720767e-6
4.	53.777363846116025	0.30000000000000004	0.04348423819063599	0.23493907794147245	0.4179598534837089	0.0014624649741060967	0.3016191804387515	0.0005260239861932103	9.168254555207524e-6	9.160985131817512e-6
4.	54.06705377743538	0.30000000000000004	0.04332258029493466	0.2340806724665875	0.4169629606470564	0.0014589427106482496	0.3036350024379438	0.0005306952701085055	9.142074639126477e-6	9.146172720964074e-6
4.	54.35674370875474	0.30000000000000004	0.04316156788128972	0.23322545656302673	0.41596498649058056	0.0014554173711803732	0.305648075273765	0.0005353722911952994	9.11592567713711e-6	9.124128962256783e-6
4.	54.6464336400741	0.30000000000000004	0.04300119845569154	0.23237342205550887	0.4149660010220898	0.001451889185440929	0.3076583415079217	0.0005400548885052335	9.089808531081307e-6	9.09288484202131e-6
4.	54.93612357139345	0.30000000000000004	0.04284146896314958	0.23152455770611582	0.41396606829909044	0.0014483583627357302	0.30966574015063786	0.0005447428965946386	9.063723930589445e-6	9.063621676019817e-6
4.	55.22581350271281	0.30000000000000004	0.04268237623484672	0.2306788526318498	0.41296526526976796	0.0014448251578462713	0.31167020176002896	0.0005494361702301548	9.03767269952995e-6	9.04277543006815e-6
4.	55.51550343403217	0.30000000000000004	0.042523918501816346	0.2298363022108879	0.4119636634805685	0.0014412898070155188	0.31367167729051687	0.0005541345607414206	9.011655777454373e-6	9.014148453445614e-6
4.	55.80519336535153	0.30000000000000004	0.04236609337903227	0.2289968974551936	0.4109613133893149	0.0014377524730579993	0.3156701219465711	0.0005588378943699219	8.985673828129785e-6	8.983462460088187e-6
4.	56.09488329667088	0.30000000000000004	0.042208897917792546	0.22816062722709454	0.4099582729290444	0.0014342133452854597	0.31766547995185396	0.0005635460100575385	8.959727505301874e-6	8.962618871510841e-6
4.	56.38457322799024	0.30000000000000004	0.04205233039279546	0.22732748697055163	0.40895461140546047	0.0014306726531281922	0.3196577051570837	0.0005682587654447617	8.93381770982802e-6	8.9346555358083e-6
4.	56.6742631593096	0.30000000000000004	0.04189638831220769	0.22649746795449743	0.4079503901936578	0.001427130598592238	0.32164674620163713	0.0005729760106581053	8.90794516775948e-6	8.9007287497056e-6
4.	56.963953090628955	0.30000000000000004	0.04174106804565356	0.2256705564572161	0.40694567658431624	0.0014235874046895115	0.3236325332376674	0.0005776976074283185	8.88211050950226e-6	8.880663028842939e-6
4.	57.25364302194831	0.30000000000000004	0.04158636792373093	0.22484674715291503	0.40594052470979525	0.0014200432487027946	0.32561502987197677	0.0005824234022101716	8.856314482232725e-6	8.863690668992064e-6
4.	57.543332953267665	0.30000000000000004	0.041432286380752775	0.2240260354731637	0.4049349925457956	0.0014164983216544246	0.3275941995277855	0.000587153249905583	8.830557873914985e-6	8.834500942411783e-6
4.	57.833022884587024	0.30000000000000004	0.041278820617577705	0.22320841060102742	0.40392913215403004	0.0014129527941647655	0.3295699927387281	0.0005918869999019684	8.804841258285694e-6	8.804094570047383e-6
4.	58.12271281590638	0.30000000000000004	0.04112596796337503	0.22239386238199077	0.4029229963612989	0.0014094068398087217	0.3315423613843451	0.0005966245055523783	8.7791652248561e-6	8.780563629018356e-6
4.	58.412402747225734	0.30000000000000004	0.04097372673743318	0.22158238598430716	0.40191664721952086	0.0014058606646994442	0.3335112657327814	0.0006013656369360158	8.753530563243915e-6	8.74802432193622e-6
4.	58.70209267854509	0.30000000000000004	0.040822093600259936	0.22077396888817016	0.40091014942727937	0.0014023144844670901	0.3354766412929447	0.0006061102716605375	8.727937873225975e-6	8.722035218233781e-6
4.	58.99178260986445	0.30000000000000004	0.04067106666041124	0.21996860358240033	0.3999035402905317	0.0013987684191799743	0.33743846038351205	0.000610858249277029	8.70238768038392e-6	8.702414687755677e-6
4.	59.2814725411838	0.30000000000000004	0.04052064395419918	0.21916628326854456	0.39889687263790724	0.001395222643450639	0.3393966854099137	0.0006156094353749989	8.676880635563874e-6	8.682650609714848e-6
4.	59.57116247250316	0.30000000000000004	0.04037082356866261	0.2183670014810612	0.397890200661297	0.001391677336899218	0.3413512789684112	0.0006203637007728018	8.651417401978452e-6	8.654282895925736e-6
4.	59.86085240382252	0.30000000000000004	0.04022160291476599	0.2175707480680771	0.39688357145621045	0.0013881326545577683	0.3433021984199958	0.0006251209083468575	8.625998487788637e-6	8.625578046039806e-6
4.	60.15054233514188	0.30000000000000004	0.04007297945876366	0.21677751333172524	0.39587703495538734	0.0013845887616086784	0.34524940016583555	0.0006298811035816235	8.600624427481358e-6	8.602223097842199e-6
4.	60.44023226646123	0.30000000000000004	0.039924951030949736	0.215987290144	0.3948706536225291	0.0013810458672807596	0.3471928380256741	0.0006346441695559884	8.575295908292652e-6	8.577140010290751e-6
4.	60.72992219778059	0.30000000000000004	0.03977751580708596	0.21520007113653652	0.39386446202060665	0.001377504083433272	0.3491324888428461	0.0006394097957754414	8.550013402454688e-6	8.548313716050249e-6
4.	61.01961212909995	0.30000000000000004	0.03963067120893028	0.21441584587631854	0.3928585022947174	0.0013739635486537977	0.3510683136496175	0.0006441778470392401	8.524777350547701e-6	8.525574723194929e-6
4.	61.309302060419306	0.30000000000000004	0.039484415337886665	0.21363460757953323	0.39185282290416174	0.001370424423815793	0.3530002798415069	0.0006489482012172782	8.49958832974715e-6	8.501711878272644e-6
4.	61.59899199173866	0.30000000000000004	0.039338746208829586	0.21285634896663286	0.39084747104784845	0.0013668868655809215	0.35492835452520644	0.0006537207371362245	8.47444688940148e-6	8.471648765551176e-6
4.	61.888681923058016	0.30000000000000004	0.03919366113183155	0.2120810593024964	0.3898424922805533	0.0013633510250518543	0.3568524950044675	0.000658495333852738	8.449353469908086e-6	8.445921746702556e-6
4.	62.178371854377374	0.30000000000000004	0.03904915770979467	0.2113087292489465	0.38883793227650365	0.001359817053934845	0.35877266292052884	0.0006632718735827941	8.424308543929405e-6	8.428916708713707e-6
4.	62.46806178569673	0.30000000000000004	0.03890523467339552	0.21053935443527724	0.3878338309504672	0.0013562850839754918	0.3606888417699817	0.0006680502316698921	8.399312668660225e-6	8.40285523284745e-6
4.	62.757751717016085	0.30000000000000004	0.03876188964395296	0.20977292515093018	0.38683022708552944	0.0013527552431386756	0.36260099858358485	0.0006728302841167474	8.374366246440502e-6	8.374008747091821e-6
4.	63.04744164833544	0.30000000000000004	0.03861912018233931	0.2090094313321949	0.3858271584623048	0.0013492276560557953	0.3645091001235585	0.000677611907776288	8.349469657752079e-6	8.350335770457296e-6
4.	63.3371315796548	0.30000000000000004	0.038476924496655726	0.2082488663922484	0.38482466893330025	0.0013457024687587803	0.3664131195808218	0.0006823949928442415	8.324623414363118e-6	8.323135370857937e-6
4.	63.62682151097416	0.30000000000000004	0.03833530023289235	0.20749122120600208	0.3838228043266787	0.0013421798343499437	0.36831301965320623	0.00068717943604562	8.299827970060636e-6	8.295310825134905e-6
4.	63.91651144229351	0.30000000000000004	0.038194245080678306	0.20673648610477208	0.3828215991790569	0.0013386598666040022	0.3702087715029691	0.0006919651169318494	8.275083677224193e-6	8.273148987880674e-6
4.	64.20620137361287	0.30000000000000004	0.038053757136843676	0.20598465324817328	0.38182108642656054	0.0013351426738540033	0.3721003543634585	0.0006967519146152364	8.250390920440482e-6	8.254236494809053e-6
4.	64.49589130493223	0.30000000000000004	0.03791383470201229	0.205235716282501	0.38082130682088766	0.0013316283919129152	0.37398774567458043	0.0007015397249599586	8.225750175939814e-6	8.228403145738028e-6
4.	64.78558123625159	0.30000000000000004	0.037774475489565265	0.20448966565163762	0.3798222948616567	0.0013281171348776125	0.37587091751943624	0.0007063284351542094	8.20116178478923e-6	8.200907672395452e-6
4.	65.07527116757095	0.30000000000000004	0.03763567720756399	0.2037464917467309	0.37882408462255546	0.0013246090154983398	0.3777498421979842	0.0007111179341339068	8.176626078952897e-6	8.177275533205464e-6
4.	65.36496109889029	0.30000000000000004	0.03749743780930232	0.20300618689105568	0.3778267218017494	0.0013211041873102964	0.37962448778630814	0.0007159081353591495	8.152143521699742e-6	8.15338891491102e-6
4.	65.65465103020966	0.30000000000000004	0.03735975542992019	0.20226874317708599	0.37683023552271794	0.001317602746027725	0.38149483760834646	0.0007206989240796953	8.127714445456348e-6	8.126591821921991e-6
4.	65.94434096152901	0.30000000000000004	0.037222627844442274	0.2015341509574237	0.3758346544327106	0.001314104785832318	0.3833608692471192	0.0007254901868738231	8.103339128543127e-6	8.10254559807655e-6
4.	66.23403089284837	0.30000000000000004	0.03708605300829928	0.20080240172397512	0.3748400114467959	0.0013106104159571555	0.3852225604086299	0.0007302818208738245	8.079017906358749e-6	8.081175468854784e-6
4.	66.52372082416773	0.30000000000000004	0.036950029180071335	0.20007348858835503	0.3738463422058692	0.0013071197552909288	0.38707989229793	0.0007350737311568361	8.054751173146996e-6	8.05424132671595e-6
4.	66.81341075548708	0.30000000000000004	0.0368145541240817	0.19934740196434603	0.3728536770163106	0.0013036329041921752	0.38893284131636274	0.0007398658150257794	8.030539208339624e-6	8.026859680931864e-6
4.	67.10310068680644	0.30000000000000004	0.03667962532068257	0.19862413139762425	0.37186205350575996	0.0013001499887359286	0.39078137300013205	0.0007446579868305661	8.006382317150636e-6	8.008800234660107e-6
4.	67.39279061812579	0.30000000000000004	0.036545241416073376	0.19790367122111013	0.3708714978415148	0.0012966710950433242	0.3926254829487935	0.0007494501409238582	7.982280845580472e-6	7.985336540949906e-6
4.	67.68248054944516	0.30000000000000004	0.036411400323722254	0.1971860124538371	0.3698820387123257	0.0012931963181647213	0.3944651516577243	0.0007542421789481963	7.958235065533826e-6	7.95835527778177e-6
4.	67.9721704807645	0.30000000000000004	0.03627809980135146	0.19647114526164375	0.36889370305530456	0.0012897257471366748	0.3963003580810649	0.0007590340013602927	7.934245209504945e-6	7.934052138391934e-6
4.	68.26186041208386	0.30000000000000004	0.036145337904416645	0.19575906140283753	0.36790652050822703	0.001286259480545412	0.3981310846616432	0.0007638255165388007	7.910311568367078e-6	7.910525791410272e-6
4.	68.55155034340322	0.30000000000000004	0.03601311277161159	0.19504975319101614	0.36692052314431833	0.0012827976255963144	0.39995731355938446	0.0007686166404895514	7.886434461811832e-6	7.883067583647207e-6
4.	68.84124027472258	0.30000000000000004	0.03588142203457028	0.19434321040356542	0.3659357410847117	0.0012793402827715804	0.40177901870636185	0.000773407287811479	7.862614123729172e-6	7.860200207709944e-6
4.	69.13093020604194	0.30000000000000004	0.035750263812805126	0.19363942446916224	0.3649521941929603	0.001275887516791719	0.40359619154738036	0.0007781973539798001	7.838850754230602e-6	7.841106920425389e-6
4.	69.42062013736128	0.30000000000000004	0.0356196364131282	0.19293838831726304	0.3639699116774467	0.0012724394251450687	0.40540881989465033	0.0007829867563985387	7.815144657920561e-6	7.817515968233657e-6
4.	69.71031006868066	0.30000000000000004	0.03548953777065098	0.1922400928460008	0.36298891865471966	0.0012689960911094573	0.4072168876759781	0.0007877754062035129	7.791496051786492e-6	7.79155533747744e-6
4.	70.	0.30000000000000004	0.03535996572925652	0.19154452844122097	0.36200923900296994	0.0012655575937261436	0.4090203779956652	0.0007925632141452789	7.76790512661093e-6	7.768023015941594e-6