4.	1.	0.2	0.	0.	0.	0.022041846020143408	0.23363955701879444	4.611451156902425e-6	0.00017236144386297743	0.7443139855099052
4.	1.06735	0.2	0.	0.	0.	0.02381998757273984	0.2518892314691652	5.741898996665102e-6	0.00016559040985399324	0.7242850390590982
4.	1.1347	0.2	0.	0.	0.	0.02542699149451734	0.2707691218352266	7.015453004394596e-6	0.00015957501153059578	0.7037968712172517
4.	1.20205	0.2	0.	0.	0.	0.026845994586916496	0.28994147713789675	8.429145287482334e-6	0.00015505213989876082	0.6832040991298993
4.	1.2694	0.2	0.	0.	0.	0.028065036245867078	0.3091211970535451	9.977847286285047e-6	0.0001520069775707198	0.6628037888533015
4.	1.33675	0.2	0.	0.	0.	0.029076741969953846	0.3280630529210111	0.000011654621409022784	0.00014981188733855687	0.642848550487626
4.	1.4041000000000001	0.2	0.	0.	0.	0.029877804992235968	0.346553801364528	0.000013451078401835541	0.00014802036433673988	0.6235549425648341
4.	1.47145	0.2	0.	0.	0.	0.030468341745703162	0.36440758169537035	0.00001535770955012335	0.0001463178736708397	0.6051087188493763
4.	1.5388000000000002	0.2	0.	0.	0.	0.030851274235828476	0.3814604108406505	0.000017364208163809474	0.00014448587913215805	0.5876709507153572
4.	1.60615	0.2	0.	0.	0.	0.031031639640553655	0.39756634613056335	0.000019459710903264656	0.00014237597149057958	0.5713825545179797
4.	1.6735000000000002	0.2	0.	0.	0.	0.031015946384700895	0.41259291321637415	0.000021632973005576073	0.00013989063277416937	0.5563695074259194
4.	1.74085	0.2	0.	0.	0.	0.03081158307770459	0.42641596543579546	0.000023872463701799324	0.00013696888907525643	0.5427485790227982
4.	1.8082	0.2	0.	0.	0.	0.030426245544818792	0.4389146245152474	0.000026166334933946737	0.00013357535293016402	0.5306329636049998
4.	1.87555	0.2	0.	0.	0.	0.02986747347712812	0.4499643884941001	0.000028502304076989034	0.0001296919133006136	0.5201396357246948
4.	1.9429	0.2	0.	0.	0.	0.02914219303018134	0.4594299493916612	0.000030867356251339377	0.00012531127253156618	0.5113969902219061
4.	2.01025	0.2	0.	0.	0.	0.028256314864484766	0.46715611570393817	0.00003324725781125961	0.00012043189760330707	0.5045543221737658
4.	2.0776000000000003	0.2	0.	0.	0.	0.027214348510178923	0.47295661702107894	0.00003562578640056073	0.00011505395739005688	0.49979340868234157
4.	2.14495	0.2	0.	0.	0.	0.026019023722357325	0.4765996531484151	0.000037983561324734976	0.00010917597111994756	0.4973433395679028
4.	2.2123	0.2	0.	0.	0.	0.024670908192390578	0.4777886168147447	0.00004029629028463844	0.00010279192460063664	0.49750017870258
4.	2.27965	0.2	0.	0.	0.	0.023167998828746976	0.47613614810884103	0.0000425321235847214	0.00009588871032584591	0.5006533209388273
4.	2.3470000000000004	0.2	0.	0.	0.	0.021505306067528377	0.47112847082549114	0.00004464768498306054	0.00008844383566202917	0.5073215754219974
4.	2.347	0.2	0.	0.	0.	0.02150530606752837	0.47112847082549064	0.00004464768498363283	0.00008844383566202914	0.5073215754219973
4.	2.3715401216290193	0.2	0.	0.	0.	0.02085823449152263	0.46834158745483134	0.00004537742327455375	0.0000855902993728253	0.5107548006303715
4.	2.3960802432580386	0.2	0.	0.	0.	0.020188355307634957	0.4649796157440404	0.00004607967800859849	0.00008265846080652826	0.514785949270316
4.	2.4206203648870583	0.2	0.	0.	0.	0.01949508667633135	0.4609973943650232	0.000046750247793215097	0.00007964607413061261	0.5194607687108522
4.	2.4451604865160776	0.2	0.	0.	0.	0.01877778721383065	0.45634455643066374	0.00004738434473913007	0.00007655069101224953	0.5248302720107665
4.	2.469700608145097	0.2	0.	0.	0.	0.018035761144953	0.4509650066631408	0.0000479765195178627	0.00007336968543436477	0.5309512556723883
4.	2.4942407297741163	0.2	0.	0.	0.	0.017268270259359793	0.4447963327222869	0.00004852059511736989	0.0000701002899585221	0.5378868764232358
4.	2.518780851403136	0.2	0.	0.	0.	0.016474547998585994	0.43776938842496543	0.00004900961013386918	0.00006673966118718767	0.5457070539663147
4.	2.5433209730321553	0.2	0.	0.	0.	0.01565382356966043	0.4298079865349043	0.00004943580380169663	0.00006328497613079758	0.5544887540916336
4.	2.5678610946611746	0.2	0.	0.	0.	0.01480535820390173	0.42082887865201507	0.00004979068196958426	0.000059733569428696035	0.5643159724621136
4.	2.592401216290194	0.2	0.	0.	0.	0.013928495302017244	0.4107423870626624	0.00005006523686240531	0.00005608313969400664	0.5752790523984579
4.	2.6169413379192137	0.2	0.	0.	0.	0.013022732475884162	0.3994540981363838	0.000050250467408313966	0.00005233203170829411	0.5874729189203238
4.	2.641481459548233	0.2	0.	0.	0.	0.012087823807657773	0.38686841997579435	0.000050338488317365844	0.00004847963515925772	0.6009934177282306
4.	2.6660215811772523	0.2	0.	0.	0.	0.011123915586322327	0.3728958682546045	0.00005032478640956152	0.00004452692279550137	0.6159298913726636
4.	2.6905617028062716	0.2	0.	0.	0.	0.010131729273039543	0.3574671124709017	0.00005021288728486491	0.00004047716208827711	0.6323509453687739
4.	2.7151018244352914	0.2	0.	0.	0.	0.009112788875737568	0.34056110351649665	0.00005002436959407648	0.00003633679782368717	0.6502760832381718
4.	2.7396419460643107	0.2	0.	0.	0.	0.0080696552406439	0.3222656931338296	0.000049822015962740825	0.00003211635865166144	0.6696148296095638
4.	2.76418206769333	0.2	0.	0.	0.	0.007006013369902322	0.3029239398773819	0.00004977061318496759	0.000027830762549959506	0.6900202761395309
4.	2.7887221893223493	0.2	0.	0.	0.	0.005925827608882546	0.2835736564575815	0.00005033382851060197	0.000023495926655959866	0.7104501821050253
4.	2.8132623109513686	0.2	0.	0.	0.	0.004826592903141984	0.2678938776725293	0.00005322574320772698	0.000019102052646500946	0.7272263036811211
4.	2.8378024325803883	0.2	0.	0.	0.	0.0034785326049171336	0.30989108852700803	0.00007953270983642081	0.000013741603851345868	0.6865508461582384
4.	2.8623425542094076	0.2	0.	0.	0.	0.0029426869892022357	0.1924689851200079	0.00004850080886446412	0.000011478032967435343	0.8045398270819254
4.	2.886882675838427	0.2	0.	0.	0.	0.0021274542262246653	0.1255727464144204	0.000029634447143823654	8.284008277275955e-6	0.8722701649122111
4.	2.9114227974674467	0.2	0.	0.	0.	0.0013331939631626493	0.07382638857595798	0.000016798267998348977	5.182450576954131e-6	0.924823619192881
4.	2.9359629190964656	0.2	0.	0.	0.	0.0006708720991474203	0.035405729768801505	7.856523328947481e-6	2.603440116484448e-6	0.9639155416087222
4.	2.9605030407254853	0.2	0.	0.	0.	0.0002246074835033636	0.011395034796938082	2.4809544368176336e-6	8.701668134164082e-7	0.9883778767651218
4.	2.9850431623545046	0.2	0.	0.	0.	0.00003736255858238963	0.0018321503719055843	3.92861040695473e-7	1.4450724766891214e-7	0.9981300942084713
4.	3.009583283983524	0.2	0.	0.	0.	0.00029029475866115795	0.013811660001770391	2.924101307732983e-6	1.1209110085744593e-6	0.9858951211382607
4.	3.0341234056125437	0.2	0.	0.	0.	0.0008386393574708852	0.03882227113323352	8.129660784075313e-6	3.2328846744983252e-6	0.9603309598485115
4.	3.058663527241563	0.2	0.	0.	0.	0.0016806365102842473	0.07586076471129506	0.000015733376350334872	6.468086609641832e-6	0.9224428654020703
4.	3.0832036488705823	0.2	0.	0.	0.	0.0027549731084926463	0.12146403792071703	0.000024974315474898865	0.000010585476315434739	0.8757560146553154
4.	3.1077437704996016	0.2	0.	0.	0.	0.003981479771265787	0.17170229246001717	0.00003502599649790645	0.00001527328464779379	0.8242812017722192
4.	3.132283892128621	0.2	0.	0.	0.	0.00527902795948495	0.2229469870448946	0.00004514784519320953	0.000020218112049537023	0.7717288371504272
4.	3.1568240137576407	0.2	0.	0.	0.	0.006576472779155062	0.2722677044799019	0.000054757981710871033	0.000025146764729075213	0.7211010647592322
4.	3.18136413538666	0.2	0.	0.	0.	0.007817748089001151	0.31755653085947744	0.00006345084922539885	0.00002984536646333922	0.674562270202296
4.	3.2059042570156793	0.2	0.	0.	0.	0.008962370670542367	0.3574645116714105	0.00007097844217002124	0.00003416079242519265	0.6335021392158771
4.	3.230444378644699	0.2	0.	0.	0.	0.009983176449808825	0.3912428176805866	0.00007721435799555776	0.000037991563025348155	0.598696791511609
4.	3.2549845002737183	0.2	0.	0.	0.	0.010862911175227667	0.41856005561074755	0.00008211490944232658	0.000041274475818420124	0.5704949183045824
4.	3.2795246219027376	0.2	0.	0.	0.	0.011590730706509853	0.4393364074498928	0.00008568502922300481	0.00004397102332129225	0.5489871768143744
4.	3.304064743531757	0.2	0.	0.	0.	0.012159116017062146	0.45361018885004706	0.00008795160866063188	0.000046055513958892507	0.5341427435242301
4.	3.3286048651607762	0.2	0.	0.	0.	0.012561335183024094	0.4614371360761503	0.00008894398704540136	0.000047505372303745816	0.5259125847537802
4.	3.353144986789796	0.2	0.	0.	0.	0.012789384997793146	0.46281601744711093	0.00008868007579750353	0.00004829334065610902	0.5243059174792984
4.	3.3776851084188153	0.2	0.	0.	0.	0.012832274566808	0.4576326867875516	0.00008715642597452745	0.00004838104429764983	0.5294478822196659
4.	3.4022252300478346	0.2	0.	0.	0.	0.012674533219069268	0.4456163511385369	0.00008434097579086775	0.00004771345720430688	0.541624774666603
4.	3.4267653516768544	0.2	0.	0.	0.	0.012294929144818277	0.42630636304392616	0.00008016811633215145	0.00004621420975405095	0.5613185396949234
4.	3.4513054733058732	0.2	0.	0.	0.	0.01166564377907085	0.3990368955885945	0.00007453743911768509	0.00004378265018270458	0.5892229231932169
4.	3.475845594934893	0.2	0.	0.	0.	0.010752740683171001	0.362966067043251	0.00006732103581285086	0.000040295779233807755	0.6262138712377652
4.	3.5003857165639123	0.2	0.	0.	0.	0.009520086310891514	0.317217464950713	0.000058391465248014306	0.00003562308331224738	0.6732040572731475
4.	3.5249258381929316	0.2	0.	0.	0.	0.007941596533124805	0.26128462167523747	0.00004769614526587917	0.00002967234265374154	0.7307260856463718
4.	3.5494659598219513	0.2	0.	0.	0.	0.00603122164928012	0.1959818614591936	0.00003541331121203215	0.000022501208076634522	0.7979515035803142
4.	3.57400608145097	0.2	0.	0.	0.10580787450822356	0.003490285754373285	0.11204324108478114	0.00001560683357583319	0.000013002329494658849	0.7786429918190462
4.	3.59854620307999	0.2	0.	0.	0.07726652113106068	0.00171690292012122	0.054461465306736415	6.654790914857887e-6	6.386584225943664e-6	0.8665484558511668
4.	3.6230863247090093	0.2	0.	0.	0.023321280076342692	0.0004182480587226342	0.01311284494340274	1.4503668809650037e-6	1.5535406530390791e-6	0.963146176554651
4.	3.6476264463380286	0.2	0.	0.	0.012709824261116946	0.00019679685292823363	0.006099540306420139	6.199449972138067e-7	7.299206626012808e-7	0.9809932186345374
4.	3.6721665679670483	0.2	0.	0.	0.09099106916480033	0.0012604112687884736	0.03862781422999738	3.641290173314232e-6	4.6681158351708425e-6	0.8691170640462405
4.	3.6967066895960676	0.2	0.	0.	0.20985385467970974	0.0026584069861099375	0.08057639247722467	7.090018563918849e-6	9.831632802365725e-6	0.7069042558383918
4.	3.721246811225087	0.2	0.	0.	0.31191076568163423	0.0036679816369799313	0.10997614613485697	9.07594317571785e-6	0.00001354593975408465	0.5744360306033531
4.	3.7457869328541067	0.2	0.	0.	0.37840475696359027	0.0041759493255345715	0.12387828920573656	9.624001906775149e-6	0.000015399902420260876	0.49353138050323186
4.	3.7703270544831256	0.2	0.	0.	0.4131125667258079	0.0043135734003076145	0.12662713552081498	9.28877975308895e-6	0.000015884869014149532	0.45593743557331645
4.	3.7948671761121453	0.2	0.	0.	0.4229664317812062	0.004205728442957161	0.12219654357593933	8.484901730141466e-6	0.000015465867456638064	0.45062281129816717
4.	3.8194072977411646	0.2	0.	0.	0.41252906447875376	0.003926506154200446	0.11293492256507766	7.438683085892264e-6	0.0000144187910096266	0.47060206811888217
4.	3.843947419370184	0.2	0.	0.	0.38384872601154724	0.0035121817133192852	0.10001778662627374	6.26078167212806e-6	0.000012879290158026183	0.5126150448671876
4.	3.8684875409992037	0.2	0.	0.	0.3374977663761171	0.002979192353416067	0.0840134965022643	5.006062607753866e-6	0.00001090959778885989	0.5755045387055947
4.	3.893027662628223	0.2	0.	0.00007671543801858353	0.27410479311464864	0.00234134835212246	0.06539384229237426	3.7146908063635343e-6	8.561982113516006e-6	0.6580795861120297
4.	3.9175677842572423	0.2	0.	0.00035238021317828406	0.19688856886571282	0.0016316136674080647	0.04514157510177506	2.4478830722494536e-6	5.958357093666017e-6	0.7559834142688535
4.	3.9421079058862616	0.2	0.	0.0005699962442947167	0.11535966365843615	0.0009295547530369349	0.025479414603985538	1.3206293022932694e-6	3.3899078000350365e-6	0.8576600501109443
4.	3.966648027515281	0.2	0.	0.00047002765708535437	0.04753456571461336	0.0003731727703628382	0.010135482944349142	5.02728049935284e-7	1.3590310054579845e-6	0.9414862481855394
4.	3.9911881491443006	0.2	0.	0.00026510130713059186	0.015897990279000514	0.00012180831962712775	0.0032786487314430935	1.5580424808943422e-7	4.430019626012791e-7	0.9804362955585505
4.	4.0157282707733195	0.2	0.	0.0013381079466646896	0.05292278777041598	0.0003963535470128556	0.010574165052952014	4.819603559317068e-7	1.4395391594082015e-6	0.9347681037225984
4.	4.040268392402339	0.2	0.	0.0048355582375104135	0.13560562089499473	0.0009940843201665841	0.02629011864844207	1.1505769792737895e-6	3.6056098745918595e-6	0.832273467321907
4.	4.064808514031359	0.2	0.	0.011506267047369512	0.2411256410400182	0.0017323445833874198	0.045422273597314614	1.9108393790861663e-6	6.27490697918844e-6	0.7002115628925311
4.	4.089348635660378	0.2	0.	0.021192176403239112	0.34533165809606875	0.0024342248352247314	0.06328759226662124	2.5620192245408103e-6	8.805497639571277e-6	0.5677517863796216
4.	4.113888757289398	0.2	0.	0.033220960697136225	0.43427079114992634	0.0030065024364641516	0.07751746993014902	3.023112199991896e-6	0.000010861196585028017	0.45198125267412437
4.	4.1384288789184165	0.2	0.	0.04687182046725427	0.5040076823979811	0.003430196134335053	0.08771883114378652	3.2993646675186564e-6	0.000012375439744290826	0.35796817049197555
4.	4.162969000547436	0.2	0.	0.06157296880735083	0.5559556465380427	0.0037228267090845574	0.09443591311194766	3.429746808970988e-6	0.000013413519361727992	0.2843092150867652
4.	4.187509122176456	0.2	0.	0.07691752895907959	0.593310033139559	0.00391205678727237	0.09844951502026483	3.4565732055340528e-6	0.000014076865047335926	0.22740740952061872
4.	4.212049243805476	0.2	0.	0.09262225303081964	0.6193346846792919	0.004023952812150065	0.10047498892636438	3.4145616992591052e-6	0.000014460628887693293	0.1835407059896748
4.	4.236589365434495	0.2	0.	0.10848577080804289	0.6367786779217274	0.004079524289831408	0.10107945821414557	3.32921432713877e-6	0.000014641310245926362	0.1495732395519256
4.	4.261129487063514	0.2	0.	0.12435955400588775	0.647788605778713	0.004094644204441224	0.1006858792116679	3.2183060868454257e-6	0.000014676594915295051	0.12306809849320331
4.	4.285669608692533	0.2	0.	0.14013010038947746	0.6539886974288245	0.004080978210371419	0.09960141809912836	3.0938873869003807e-6	0.000014608805656432979	0.10219571198481137
4.	4.310209730321553	0.2	0.	0.15570844165935907	0.6565945466902766	0.0040470136445063245	0.09804687457185643	2.9639859469244005e-6	0.00001446868199143881	0.08560015944805466
4.	4.334749851950573	0.2	0.	0.17102390542330473	0.6565151993474032	0.003998915983379823	0.09618057686652663	2.833868251436004e-6	0.000014278513695949274	0.07227856851113419
4.	4.359289973579592	0.2	0.	0.18602025012370121	0.6544333671921011	0.003941175224830487	0.09411616822858351	2.7069242456879424e-6	0.000014054500775371059	0.06148633230653805
4.	4.3838300952086104	0.2	0.	0.20065307962547538	0.6508650983214338	0.003877073940953697	0.09193536368576549	2.5852732415334265e-6	0.000013808459930702289	0.052666799153130064
4.	4.40837021683763	0.2	0.	0.21488797330964363	0.6462032684261386	0.003809021266476572	0.08969698088211812	2.4701757513483956e-6	0.000013549040679297077	0.045400285939871735
4.	4.43291033846665	0.2	0.	0.22869900887093444	0.6407490165922126	0.0037387900522171816	0.0874433126564173	2.3623129757096543e-6	0.000013282588240695812	0.039367509515242774
4.	4.45745046009567	0.2	0.	0.24206754427449728	0.6347345727800937	0.0036676861802133324	0.08520464798115081	2.26197725651747e-6	0.000013013759053324822	0.03432328680678835
4.	4.481990581724689	0.2	0.	0.2549811505188019	0.6283398787039359	0.0035966699108516253	0.08300249143991208	2.1692021760919753e-6	0.000012745961439049875	0.030077640224322397
4.	4.506530703353708	0.2	0.	0.2674326937621975	0.6217048707873335	0.0035264440291224437	0.08085188768037777	2.0838520509012642e-6	0.000012481675549810088	0.02648201988891781
4.	4.531070824982727	0.2	0.	0.27941956872663165	0.6149387123795216	0.0034575188257874702	0.07876312091780746	2.0056838761619125e-6	0.000012222688933563978	0.023419073466375673
4.	4.555610946611747	0.2	0.	0.2909428545997786	0.60812636950239	0.0033902580092518945	0.07674291218777	1.9343888585081966e-6	0.000011970262903382685	0.02079567131195109
4.	4.580151068240767	0.2	0.	0.30200668167694295	0.6013338584560688	0.003324914351844482	0.07479533859167092	1.8696218573051017e-6	0.00001172526158519712	0.01853733730161561
4.	4.604691189869786	0.2	0.	0.31261769021879643	0.594612294683307	0.003261656596797683	0.07292251957696043	1.8110216303102703e-6	0.00001148824913372581	0.016584027902508083
4.	4.629231311498805	0.2	0.	0.32278453570697985	0.5880009777157263	0.003200589553640154	0.07112512444180637	1.7582244256617196e-6	0.000011259562221284006	0.014887014357421624
4.	4.653771433127824	0.2	0.	0.33251746342063004	0.5815297983756457	0.0031417694108508087	0.06940275573829652	1.7108730446592077e-6	0.000011039365296804936	0.013406502181532304
4.	4.678311554756844	0.2	0.	0.34182794129878513	0.5752211329592497	0.0030852154810403713	0.06775423863536348	1.6686227285619349e-6	0.000010827692817652852	0.01210980300283275
4.	4.702851676385864	0.2	0.	0.35072834668611963	0.5690913435594607	0.0030309192526658114	0.0661778405647565	1.6311448075706333e-6	0.000010624481726215806	0.010969918792189823
4.	4.727391798014883	0.2	0.	0.3592317045007453	0.5631519727506696	0.002978851389437657	0.06467143946146016	1.5981287685605005e-6	0.000010429596621135444	0.009964433768918618
4.	4.751931919643902	0.2	0.	0.36735146454499995	0.5574107008057388	0.002928967163785726	0.06323265172425205	1.569283227770515e-6	0.000010242849199711873	0.009074646477995607
4.	4.776472041272921	0.2	0.	0.37510140416257004	0.5518720810452795	0.0028812105000626895	0.061858977862894335	1.5443356442216608e-6	0.000010064016811990147	0.008284782093549242
4.	4.801012162901941	0.2	0.	0.3824953426891439	0.5465382218567018	0.002835517579725425	0.060547794123975526	1.5230327979127408e-6	9.892848356957574e-6	0.007581600717655401
4.	4.89262894023382	0.2	0.	0.407185019113189	0.5284200281591357	0.0026819647519406857	0.05616012988791845	1.4719385230159623e-6	9.316910879556071e-6	0.005551386149293215
4.	4.984245717565699	0.2	0.	0.42779238950932397	0.512999186195212	0.002552374487670367	0.05247289032959519	1.4584102242156693e-6	8.829460403715769e-6	0.004181701067974247
4.	5.075862494897577	0.2	0.	0.44494180813875467	0.5000106178535356	0.0024430433364221412	0.04936665979124739	1.474917640709457e-6	8.416600561514751e-6	0.003236395962399531
4.	5.167479272229456	0.2	0.	0.45917921856109034	0.48915590418958	0.0023506831633102127	0.0467407831059164	1.5159157009819373e-6	8.066103815802023e-6	0.0025718950644020716
4.	5.259096049561335	0.2	0.	0.4709721660550037	0.48014555593528135	0.002272493092580821	0.04451258665956648	1.5773257599794906e-6	7.767620668088995e-6	0.002095620931807679
4.	5.350712826893214	0.2	0.	0.4807154104995128	0.4727153282927821	0.002206129692109233	0.042614866624653656	1.6561190054966967e-6	7.512537214215742e-6	0.001746608771936664
4.	5.442329604225092	0.2	0.	0.4887401011625324	0.4666319995092035	0.002149651045250651	0.04099324772339407	1.750019470555306e-6	7.293747922327269e-6	0.0014832505401488338
4.	5.533946381556971	0.2	0.	0.49532318413375326	0.4616935171922519	0.0021014543071916077	0.039603764042614294	1.8572943330171461e-6	7.105412330352973e-6	0.0012762230298558885
4.	5.62556315888885	0.2	0.	0.5006960552832289	0.4577266683589126	0.0020602174521084492	0.038410810083476216	1.976605109337048e-6	6.942732112748976e-6	0.0011042722171644564
4.	5.717179936220729	0.2	0.	0.5050521126141471	0.45458384451142897	0.0020248488080568533	0.03738546864554552	2.106901972830025e-6	6.801759940716448e-6	0.0009516185188487639
4.	5.808796713552608	0.2	0.	0.508553163477439	0.4521396603605988	0.0019944448866511507	0.03650417228628822	2.2473484371715715e-6	6.6792408782045625e-6	0.0008063116405856788
4.	5.900413490884486	0.2	0.	0.5113347760651223	0.4502877724828928	0.001968255797662421	0.03574764030109871	2.39726741679e-6	6.572482993125308e-6	0.0006591580858069171
4.	5.992030268216365	0.2	0.	0.5135107106514522	0.44893803400343535	0.0019456571480675248	0.0351000387213423	2.556102370108079e-6	6.479252683764343e-6	0.0005030033733325681
4.	6.083647045548244	0.2	0.	0.5151721316471832	0.44801015620795975	0.0019261106967466384	0.03454801827855624	2.7233603097862435e-6	6.397635140558014e-6	0.000340859809244351
4.	6.175263822880122	0.2	0.	0.5163933120515493	0.4474339944213237	0.0019091568657714298	0.034080390380023085	2.898614181367683e-6	6.32600313168504e-6	0.00018024766715116214
4.	6.266880600212001	0.2	0.	0.5172420509206566	0.4471545750974614	0.0018944289307303518	0.03368822586514809	3.0815179516193887e-6	6.26305838931664e-6	0.000017637668051954936
4.	6.3584973775438804	0.2	0.	0.5177756401797368	0.44712524433572226	0.0018816176693957857	0.03336410008171776	3.271770359317339e-6	6.207709528812272e-6	1.e-10
4.	6.4501141548757595	0.2	0.	0.5179858832224707	0.44732002501877405	0.0018705185927517336	0.03308151448798654	3.4698601211871647e-6	6.157525243604727e-6	1.e-10
4.	6.5417309322076385	0.2	0.	0.5177919952419253	0.4477369150905607	0.0018610404327625801	0.0327881089258005	3.6774131877934617e-6	6.108266891725484e-6	1.e-10
4.	6.633347709539517	0.2	0.	0.5174001667713606	0.4483078645246711	0.0018528283597158972	0.032537954524610294	3.892134501587042e-6	6.063662626147007e-6	1.e-10
4.	6.724964486871396	0.2	0.	0.5168425887621794	0.4490086448518103	0.0018457217090930944	0.03232709394884504	4.113866797294186e-6	6.023147255447403e-6	1.e-10
4.	6.816581264203275	0.2	0.	0.5161468709092195	0.44981865938402915	0.0018395831306775017	0.03215214154376898	4.342472819710729e-6	5.986237476579711e-6	0.000038402559485138654
4.	6.908198041535153	0.2	0.	0.515336714086649	0.45072040045919937	0.0018342949251389281	0.03201019252328046	4.577833246286364e-6	5.952518765070159e-6	0.0000938201724859089
4.	6.999814818867032	0.2	0.	0.5144324763943079	0.45169899059397145	0.0018297560026327437	0.03189874911212382	4.819845094580863e-6	5.921634517188819e-6	0.0001352080518695134
4.	7.091431596198911	0.2	0.	0.5134495997761358	0.45273998544267047	0.0018258720557535323	0.03181553262725805	5.068404736825176e-6	5.893253487153192e-6	0.00016394169344532278
4.	7.18304837353079	0.2	0.	0.5124001378140941	0.45382999930818174	0.0018225574314273555	0.03175850351528398	5.323400155987745e-6	5.8670754187690065e-6	0.00018347853085683152
4.	7.274665150862669	0.2	0.	0.5112956888085477	0.4549587074916765	0.0018197425386203211	0.03172597963816646	5.58474850018066e-6	5.8428543683988975e-6	0.00019429677448884464
4.	7.366281928194548	0.2	0.	0.5101460932109257	0.45611721508055375	0.0018173666762575388	0.0317165036025701	5.852377464445251e-6	5.820374987581994e-6	0.00019696905222842814
4.	7.457898705526426	0.2	0.	0.508959678637367	0.45729785295136954	0.0018153767617811992	0.03172881522098535	6.1262250303861024e-6	5.7994480359113725e-6	0.00019215020346650263
4.	7.549515482858305	0.2	0.	0.507743467795259	0.45849400333338325	0.0018137262547268012	0.03176182933960634	6.406239423492311e-6	5.779906593582479e-6	0.0001805670376010815
4.	7.641132260190183	0.2	0.	0.5065033549214261	0.4596999500906888	0.001812374241664941	0.03181461867418872	6.692379286814256e-6	5.761602852258124e-6	0.00016300969274464505
4.	7.732749037522062	0.2	0.	0.5052442557867256	0.4609107500198781	0.0018112846562869157	0.03188640062643426	6.984614099514571e-6	5.744405389282717e-6	0.0001403242965756224
4.	7.824365814853941	0.2	0.	0.5039702348185474	0.4621221214498631	0.0018104256106660816	0.03197652850384002	7.282924878383373e-6	5.728196839622133e-6	0.00011340669220500504
4.	7.91598259218582	0.2	0.	0.5026846127119511	0.4633303473744032	0.001809768819290625	0.032084486748737095	7.587305230358134e-6	5.7128718994203475e-6	0.00008319704038763087
4.	8.007599369517699	0.2	0.	0.5013900084814931	0.46453214550048455	0.001809288924245065	0.03220988733032564	7.897762425467946e-6	5.698335051027788e-6	0.00005077200102620444
4.	8.099216146849578	0.2	0.	0.5000813267963476	0.46571799049303597	0.0018089374154879496	0.032352015530030316	8.214205740413112e-6	5.68441849081936e-6	0.00003151555935770184
4.	8.190832924181457	0.2	0.	0.49871002472842024	0.46688779424134735	0.001808703591392081	0.032505105367682564	8.536923745423008e-6	5.6705051335397015e-6	0.00007983514741238817
4.	8.282449701513336	0.2	0.	0.49732782226977973	0.46803951608690125	0.0018085699657785638	0.03267466429068727	8.865773603907985e-6	5.657067502579181e-6	0.00014056161324933064
4.	8.374066478845215	0.2	0.	0.4959439373286767	0.46917482664638616	0.0018085341241573945	0.03286169565888277	9.20089432584464e-6	5.644132714153243e-6	0.00020180534757113788
4.	8.465683256177092	0.2	0.	0.49456369627579777	0.47029571640594736	0.0018085954452872542	0.03306706848734385	9.542489457291972e-6	5.631694773477558e-6	0.0002553808961664669
4.	8.557300033508971	0.2	0.	0.4931918124572886	0.47140414370326594	0.001808753688493789	0.033291957756080015	9.890819369926585e-6	5.619748621604508e-6	0.00029344157550172806
4.	8.64891681084085	0.2	0.	0.49183237565455373	0.47250195444108906	0.0018090086455056855	0.03353795046908015	0.000010246219172051664	5.6082890619545386e-6	0.0003084645705993261
4.	8.74053358817273	0.2	0.	0.4904888075125383	0.47359077556462376	0.0018093596999946995	0.03380721249357214	0.000010609126563991874	5.597309414156567e-6	0.0002932356027071023
4.	8.832150365504608	0.2	0.	0.48916376066260303	0.4746718587014406	0.001809805205288792	0.03410276176909074	0.000010980127099116295	5.586799622437728e-6	0.00024083353447774958
4.	8.923767142836486	0.2	0.	0.48785891629779665	0.4757458272561682	0.0018103415041347663	0.03442893952370567	0.000011360031885649606	5.57674328345318e-6	0.0001446153863090549
4.	9.015383920168365	0.2	0.	0.48657478597887965	0.4768124266713586	0.0018109619729453237	0.034792296559987626	0.00001175002567609444	5.567114784045626e-6	1.e-10
4.	9.107000697500244	0.2	0.	0.4853161099139919	0.47787578410989917	0.0018116769636476729	0.03520381589850069	0.000012152113598817337	5.557940581532245e-6	1.e-10
4.	9.198617474832123	0.2	0.	0.4840715268427654	0.47892436949597605	0.0018124377931760716	0.035681675130082774	0.000012569340749709815	5.549065965560882e-6	1.e-10
4.	9.290234252164002	0.2	0.	0.4828138353978747	0.4799308571340261	0.0018131367125372138	0.036263040675262696	0.000013007755435290177	5.540156781973277e-6	1.e-10
4.	9.38185102949588	0.2	0.	0.48206259798100376	0.4730845982051715	0.0017843109342413398	0.03645205623956325	0.000013266450239577993	5.441361377419036e-6	0.006603170189780558
4.	9.406924433874892	0.2	0.	0.4627289365320023	0.45477189235694365	0.0017144795938149066	0.035298943432474125	0.000012882603457971598	5.225614261716132e-6	0.04547286548130709
4.	9.431997838253903	0.2	0.	0.4837034612196232	0.4760738686861595	0.001793997094673401	0.03728981411004607	0.000013633473512200873	5.465067609691078e-6	0.0011252254159856492
4.	9.457071242632916	0.2	0.	0.48400808574161724	0.4770595588550439	0.001796926719125514	0.03782041356167008	0.000013831260989080833	5.471088250258794e-6	1.e-10
4.	9.482144647011927	0.2	0.	0.4833839550217745	0.47712671029214887	0.001796402014795685	0.03888857224199349	0.000014062317901897288	5.466598841507902e-6	1.e-10
4.	9.507218051390938	0.2	0.	0.479493919519718	0.47732602698559823	0.0017963816320439405	0.03943417092243267	0.000014296974247859053	5.440318312826645e-6	0.0019352039659593229
4.	9.532291455769949	0.2	0.	0.4794651595676077	0.4779688916951368	0.0017980362171793644	0.03900288599523437	0.000014222833477846269	5.442503094861271e-6	0.0017508036913639197
4.	9.55736486014896	0.2	0.	0.4793777268166754	0.4785505215745384	0.0017994654750507618	0.03865745093129241	0.000014262728914375177	5.44401165158183e-6	0.0016005724735286345
4.	9.582438264527973	0.2	0.	0.4791904456606788	0.47902953316005636	0.001800514087855261	0.038497543141615076	0.000014326349170156313	5.4443753193219274e-6	0.0014676376006243358
4.	9.607511668906984	0.2	0.	0.47896985457054103	0.4794721437922321	0.001801431259645486	0.038397025520859975	0.000014401331712544512	5.444348951097853e-6	0.0013451435250088906
4.	9.632585073285995	0.2	0.	0.4787298900859353	0.4798922113253448	0.0018022691384017601	0.0383313249444393	0.000014482969792420834	5.44409059749573e-6	0.0012298215360863965
4.	9.657658477665006	0.2	0.	0.4784777433878913	0.48029690015507254	0.0018030546578225975	0.03828765951494874	0.000014569054136258712	5.443681856223962e-6	0.001120073230128582
4.	9.682731882044017	0.2	0.	0.47821701780285103	0.4806898081499847	0.0018038013238700365	0.03825958348969764	0.00001465835232404482	5.443163636083275e-6	0.001015130881272558
4.	9.70780528642303	0.2	0.	0.47794999780372543	0.48107322564050037	0.0018045177160601815	0.03824282706410497	0.000014750113618953951	5.442561901883206e-6	0.0009146816619901438
4.	9.73287869080204	0.2	0.	0.47767802360754175	0.4814485038278489	0.0018052088790429003	0.03823473230368567	0.000014843840659608201	5.4418919078030405e-6	0.0008186875412212052
4.	9.757952095181052	0.2	0.	0.4774019242747327	0.48181648538070004	0.001805877943733167	0.038233469310249533	0.000014939186369837837	5.441163109283566e-6	0.0007273039042146531
4.	9.783025499560063	0.2	0.	0.4771220793377823	0.4821776851909446	0.0018065268084203148	0.03823770120376481	0.000015035898092503412	5.440379923288421e-6	0.0006409715609954764
4.	9.808098903939074	0.2	0.	0.47683371793772295	0.48253286745796214	0.001807158302513068	0.03824571668434308	0.000015133826088891961	5.439491179137558e-6	0.0005654057913698704
4.	9.833172308318087	0.2	0.	0.47654189186409324	0.4828814432710039	0.0018077701858135982	0.03825749454837877	0.000015232770358484078	5.438551175531815e-6	0.0004961673603520039
4.	9.858245712697098	0.2	0.	0.4762461578118519	0.48322296687137445	0.0018083607576862293	0.03827241386177621	0.0000153325955912996	5.437554874463235e-6	0.000434768101719947
4.	9.883319117076109	0.2	0.	0.4759452857152963	0.4835561907593981	0.001808925321234438	0.03828991480254038	0.00001543316460103457	5.436488242026387e-6	0.0003842502369297285
4.	9.90839252145512	0.2	0.	0.4756359592411892	0.4838777384337323	0.0018094512255815943	0.038309357987986944	0.00001553428882066202	5.435313378927558e-6	0.0003519588226893536
4.	9.933465925834131	0.2	0.	0.4753074415128254	0.4841766567426827	0.001809897516657166	0.038329572465420084	0.000015635546048862883	5.433907485567873e-6	0.00036079621636581766
4.	9.958539330213144	0.2	0.	0.4749081171602053	0.4844002401104799	0.0018100672836309103	0.038346137793796406	0.000015735159935045907	5.4316800120065145e-6	0.000519702491952441
4.	9.983612734592155	0.2	0.	0.47375346482129893	0.48384911713908163	0.0018073483756880393	0.03830348039418018	0.000015810191408343852	5.420797534494273e-6	0.002270779078342819
4.	10.008686138971166	0.2	0.	0.47099623576587435	0.4816538999767881	0.0017984975758719808	0.038132580751523454	0.000015831576453131897	5.39155049974713e-6	0.007402954353488998
4.	10.033759543350177	0.2	0.	0.47391426376979107	0.485260378030917	0.0018113140379062802	0.03842278878645504	0.000016044504966200623	5.427261290189411e-6	0.000575210869964371
4.	10.058832947729188	0.2	0.	0.4737645216207823	0.48572709614742393	0.001812410928642812	0.03846608022464831	0.000016154963381227387	5.4278452362854765e-6	0.00021373611512141844
4.	10.083906352108201	0.2	0.	0.4734935737414043	0.4860668325983022	0.0018130384311071742	0.038500864548418515	0.000016261882179343338	5.427030312986438e-6	0.000109428798588454
4.	10.108979756487212	0.2	0.	0.4731970885830334	0.48637746303727364	0.0018135619446544365	0.03853479545206799	0.000016368460274682954	5.425911812064579e-6	0.00006072252269586492
4.	10.134053160866223	0.2	0.	0.4728912064913391	0.4866755156610107	0.0018140431380274241	0.038569097741241	0.00001647522228974921	5.424674583876239e-6	0.000033661746091984135
4.	10.159126565245234	0.2	0.	0.4725802593324945	0.4869654346599238	0.001814498567316199	0.03860405026173883	0.000016582296502219127	5.423368274594324e-6	0.000019174882024457218
4.	10.184199969624245	0.2	0.	0.4722653044735895	0.4872483082818556	0.001814932265510831	0.038639674191339485	0.000016689701530201327	5.422005019334755e-6	0.000015091086174368051
4.	10.209273374003258	0.2	0.	0.47194536253738295	0.4875231262639962	0.0018153404463324952	0.03867583147230967	0.000016797386058288228	5.420573580008086e-6	0.0000235418939204049
4.	10.23434677838227	0.2	0.	0.471615134710961	0.48778440582561033	0.0018157026806020795	0.038712035133334495	0.000016905144234341144	5.4190130680666154e-6	0.00005581650525769005
4.	10.25942018276128	0.2	0.	0.47124692979275074	0.4880034486316546	0.0018159121790825197	0.038745959625084675	0.000017011957548908753	5.417005093372783e-6	0.00017073781387859366
4.	10.284493587140291	0.2	0.	0.4704426895123159	0.48776740964840276	0.0018144333164365723	0.03874476568240944	0.000017103315075451114	5.409971618225393e-6	0.0012135985253598908
4.	10.309566991519302	0.2	0.	0.4692318807657529	0.48710524163485264	0.0018113753745129812	0.038710664834633764	0.000017179950006547146	5.398245583380491e-6	0.0031236574402411788
4.	10.334640395898315	0.2	0.	0.47026336923221335	0.48876853081055666	0.0018169687003294368	0.038862350299685385	0.00001733920412750004	5.412307440237266e-6	0.00027144175308762425
4.	10.359713800277326	0.2	0.	0.47001852023561286	0.4891042383828149	0.0018176292672968009	0.03890946932893811	0.000017452162695987577	5.4116759078422686e-6	0.0001326906226413252
4.	10.384787204656337	0.2	0.	0.4697158048468841	0.4893770452153305	0.0018180601665559574	0.03895249170332117	0.000017563385593936437	5.410368055093584e-6	0.0001190346823143687
4.	10.409860609035348	0.2	0.	0.46939972313417005	0.48963316835014975	0.0018184332208999727	0.03899506459050673	0.000017674496610757112	5.408895914676279e-6	0.0001359362076627374
4.	10.43493401341436	0.2	0.	0.46907764904446925	0.48988027488093877	0.0018187769092240947	0.03903777328245381	0.000017785758731787413	5.407344368344554e-6	0.00016774012418229595
4.	10.460007417793372	0.2	0.	0.46875117765041874	0.49012002638433366	0.0018190973847866864	0.03908072738206668	0.000017897222421050082	5.405731790806791e-6	0.00021107397597312783
4.	10.485080822172383	0.2	0.	0.4684201189378535	0.4903522237192781	0.0018193938893419836	0.039123889891015375	0.000018008871542006907	5.404055991853008e-6	0.0002663646909690093
4.	10.510154226551395	0.2	0.	0.46808296958919166	0.4905752904314445	0.0018196605569941705	0.03916711535624592	0.000018120639223736588	5.4022996204382166e-6	0.0003368434269000256
4.	10.535227630930406	0.2	0.	0.46773548303736234	0.4907847642961444	0.001819880828471941	0.03921002863859529	0.0000182323503296748	5.400413624914825e-6	0.0004316108490962714
4.	10.560301035309418	0.2	0.	0.46736018740854385	0.4909622692032515	0.0018199865862320007	0.03925114235200558	0.000018343306318489807	5.39819611924216e-6	0.000588071143648547
4.	10.58537443968843	0.2	0.	0.46671233220562935	0.4908503107859918	0.0018190236553253577	0.03926983565217332	0.000018443808246263316	5.392818718618751e-6	0.0013300538926339783
4.	10.61044784406744	0.2	1.1908189011893467e-11	0.46602846724673214	0.4906969836791282	0.0018179120835833983	0.03928590707810944	0.00001854304267775373	5.3870121837026165e-6	0.0021521868578610187
4.	10.635521248446452	0.2	2.893871138388877e-7	0.4662310914142492	0.49147462314930507	0.001820253152478406	0.039377238880544965	0.000018677932152006507	5.391443777883376e-6	0.0010778260841565537
4.	10.660594652825463	0.2	1.5853811818789027e-6	0.46584396396143146	0.49162850637458017	0.0018202873024400596	0.03941932695046094	0.000018789654650952333	5.389047779142072e-6	0.0012675403752545888
4.	10.685668057204474	0.2	4.292627994243896e-6	0.465376038696261	0.4916942517026067	0.00181999911395538	0.039455025886053326	0.000018898391427208637	5.385706369628234e-6	0.001631493581702094
4.	10.710741461583487	0.2	8.688311095533363e-6	0.4648106487342085	0.49165395538994383	0.0018193225775850709	0.03948287008541366	0.000019003390935194936	5.381225577984182e-6	0.002205511510818152
4.	10.735814865962498	0.2	0.000014981188515763078	0.4640707513599434	0.49142570114740924	0.001817954951502761	0.0394962445121126	0.000019101397727889938	5.3747118919936565e-6	0.0031552654427884144
4.	10.760888270341509	0.2	0.00002332392424197412	0.4629631902972607	0.4908041117199254	0.0018151372403671054	0.039478581576732376	0.000019184258854097616	5.363925148917776e-6	0.0048964709826183755
4.	10.78596167472052	0.2	0.00003378860934882261	0.4609301271755435	0.48919585121060916	0.0018086769226433267	0.03938202564017757	0.000019228391915091163	5.342394970749257e-6	0.00863030204976259
4.	10.811035079099533	0.2	0.000046200852224328194	0.45595173239357684	0.48445157739746164	0.001790632606027977	0.03903318613433604	0.000019148190494165706	5.286689677648656e-6	0.01870752242587905
4.	10.836108483478544	0.2	0.00005937690398844772	0.4408852626197338	0.4689632722949659	0.0017329009609046433	0.037817872390193914	0.00001863919473887093	5.113920652911342e-6	0.05052267563547433
4.	10.861181887857555	0.2	0.00007605785491771832	0.4382675202915199	0.4666939907082372	0.001724037954800027	0.037667888888684185	0.000018651993098675863	5.085463629954892e-6	0.05555185230874232
4.	10.886255292236566	0.2	0.0000989697370846687	0.45380864725399206	0.4837748708817616	0.0017866460305996318	0.039081323349247646	0.000019441726611329396	5.267763975095833e-6	0.02143010102070303
4.	10.911328696615577	0.2	0.000123006501525488	0.4582160668810332	0.48900852245454957	0.0018054818547010157	0.03953986996520266	0.000019760603477928732	5.320905486502733e-6	0.011287291739510028
4.	10.936402100994588	0.2	0.0001490027160749516	0.4588474497173799	0.4902165725214111	0.0018094519486268736	0.03967395725428486	0.000019918552358721805	5.330214227692615e-6	0.009283647289863618
4.	10.9614755053736	0.2	0.0001770960713535182	0.45757023457835344	0.48938310953530445	0.0018058899318147408	0.039643410208269864	0.00001999394634096687	5.3173425789904085e-6	0.01140026572856296
4.	10.986548909752612	0.2	0.00020717493629968667	0.4549018349953226	0.48705549877405957	0.001796821136318902	0.039492139424005215	0.000020007900482462325	5.288281027427284e-6	0.016526522833511505
4.	11.011622314131623	0.2	0.0002409762500213299	0.4547042012106441	0.48736832895115156	0.001797498965424602	0.03955535510415934	0.000020130179806833304	5.287923906934586e-6	0.01631350933879234
4.	11.036695718510634	0.2	0.0002793059737753824	0.4573697313800393	0.49075119986494736	0.00180949966934138	0.039868567668338795	0.00002038040307486488	5.320867908267143e-6	0.009901315040482972
4.	11.061769122889647	0.2	0.00032022808593773364	0.4590427324261153	0.49307244665511996	0.0018175840397072715	0.04009652156346474	0.000020588132472037544	5.342277463331446e-6	0.005629899097183054
4.	11.086842527268658	0.2	0.00036352746205981645	0.4597331156420488	0.49433930697616374	0.00182178182814553	0.040239553158306254	0.000020752955965281047	5.352255305014113e-6	0.0034819619773106686
4.	11.111915931647669	0.2	0.00040940072903158876	0.45995691043998127	0.4951038773344189	0.001824130156786034	0.040342390911794264	0.000020897461671365047	5.356798819532899e-6	0.0023423929663165394
4.	11.13698933602668	0.2	0.0004579515247336941	0.4599600202326264	0.4956295449668268	0.0018256005938138114	0.04042639143747502	0.00002103248492769986	5.358767036845453e-6	0.0016794587595964916
4.	11.162062740405691	0.2	0.0005092172749199193	0.4598494159110897	0.4960309565422545	0.001826615970763523	0.04050085220396411	0.000021162753849827138	5.359403926345061e-6	0.0012617793431583813
4.	11.187136144784702	0.2	0.0005632031542317443	0.45967496683350406	0.49636158743719333	0.0018273734800350466	0.04057010857043936	0.00002129047684959708	5.3592895213709836e-6	0.0009814700477467977
4.	11.212209549163715	0.2	0.0006198975231239534	0.45946197786844806	0.49664858718875404	0.0018279732170973565	0.0406363596805611	0.000021416775771325054	5.358718197564834e-6	0.0007837877462440954
4.	11.237282953542726	0.2	0.0006792787272259272	0.4592243010643338	0.4969068275586261	0.0018284699971269874	0.040700808183912404	0.00002154226495056119	5.35785113301281e-6	0.0006387722038241964
4.	11.262356357921737	0.2	0.0007413183263851835	0.4589700200512391	0.49714499482083707	0.0018288958248185315	0.04076415465526024	0.00002166730273760579	5.3567824125697375e-6	0.0005289490187223161
4.	11.287429762300748	0.2	0.0008059827893249551	0.4587041111676742	0.49736844256138524	0.0018292704155331615	0.04082682914644881	0.000021792109426962443	5.355569976971996e-6	0.00044357181020666936
4.	11.312503166679761	0.2	0.0008732344827547696	0.45842977857964545	0.49758062327219177	0.0018296064747462745	0.04088910740576645	0.000021916826500905772	5.3542511515256696e-6	0.000375732958394423
4.	11.337576571058772	0.2	0.0009430323120593356	0.4581491656122995	0.4977838512308436	0.0018299125112686014	0.04095117282493715	0.000022041548229676304	5.35285092010839e-6	0.00032082396036205163
4.	11.362649975437783	0.2	0.0010153321775332963	0.45786375386244943	0.497979730612363	0.001830194415895042	0.04101315119844798	0.000022166339420497023	5.3513865678141e-6	0.0002756713938907515
4.	11.387723379816794	0.2	0.0010900873260959285	0.4575745973276781	0.4981694066726913	0.0018304563875962984	0.04107513112543027	0.000022291245839906402	5.349870404599773e-6	0.00023802991466828627
4.	11.412796784195805	0.2	0.0011672486397229283	0.45728246515025994	0.4983537189156096	0.0018307014982691958	0.04113717644069116	0.00002241630057363304	5.348311425933351e-6	0.0002062730548734737
4.	11.437870188574816	0.2	0.0012467648829753636	0.4569879316117803	0.4985332976743363	0.0018309320488331135	0.04119933406284604	0.00002254152804048711	5.346716359827593e-6	0.00017919819118838998
4.	11.46294359295383	0.2	0.0013285818170255378	0.4566911611750219	0.4987086600023915	0.0018311499222649422	0.041261593870094204	0.000022666949902528712	5.345087340149765e-6	0.00015618626329937102
4.	11.48801699733284	0.2	0.0014126367418509555	0.45639071455402763	0.49888040194236094	0.001831357289922498	0.041323687101119985	0.00002279260184967008	5.343408791008011e-6	0.00013840976886834305
4.	11.513090401711851	0.2	0.0014988810729310838	0.4560889205087331	0.4990485773665375	0.0018315543315289055	0.041385974056705195	0.000022918470035720113	5.341706531663455e-6	0.00012317419352842612
4.	11.538163806090862	0.2	0.0015872570877561018	0.4557859990742322	0.4992134326160335	0.0018317419330518023	0.04144847128873987	0.000023044563023025352	5.3399831658643534e-6	0.00011005343716352645
4.	11.563237210469875	0.2	0.0016777058822337427	0.4554821308526087	0.49937517173612744	0.0018319208246878858	0.04151119197936837	0.00002317088765213755	5.338240838499408e-6	0.00009870783732177091
4.	11.588310614848886	0.2	0.0017701675208942698	0.45517746643494567	0.4995339665966666	0.001832091618166453	0.04157414675890301	0.000023297449463888543	5.33648134525271e-6	0.00008886362096012512
4.	11.613384019227897	0.2	0.0018645811787014628	0.4548721332771527	0.4996899642783268	0.0018322548339737824	0.04163734431150837	0.00002342425300740907	5.334706212628771e-6	0.00008029786732947214
4.	11.638457423606908	0.2	0.0019608852752970693	0.4545662407976055	0.4998432925494042	0.001832410921538452	0.04170079181300034	0.00002355130206904681	5.332916757284767e-6	0.00007282734108540051
4.	11.66353082798592	0.2	0.0020590176022284193	0.4542598841945358	0.49999406396738855	0.0018325602743474697	0.04176449526420898	0.000023678599843304916	5.331114130462813e-6	0.0000663000974475414
4.	11.68860423236493	0.2	0.00215891544362753	0.45395314733574094	0.5001423789838316	0.0018327032413886304	0.041828459742849274	0.000023806149062702152	5.329299351624851e-6	0.000060589103499326946
4.	11.713677636743943	0.2	0.0022605156907350636	0.4536461049699192	0.5002883283202662	0.0018328401359061306	0.041892689588943724	0.000023933952096600947	5.327473334191455e-6	0.00005558734213315791
4.	11.738751041122955	0.2	0.0023637549505658283	0.45333882442998275	0.5004319947979771	0.001832971242143425	0.041957188561386284	0.000024062011027403953	5.325636905366538e-6	0.000051204006917229816
4.	11.763824445501966	0.2	0.002468569649016969	0.45303136696044144	0.5005734547636657	0.001833096820596764	0.04202195994327195	0.000024190327710194922	5.323790821585772e-6	0.000047361535297010815
4.	11.788897849880977	0.2	0.00257489612863119	0.4527237887551627	0.5007127792035573	0.001833217112120714	0.04208700663748625	0.00002431890381849597	5.321935780592646e-6	0.00004399325922338493
4.	11.81397125425999	0.2	0.002682670741243237	0.4524161417764388	0.5008500346222561	0.0018333323411668177	0.04215233122960083	0.00002444774088089558	5.3200724309681e-6	0.00004104154841323704
4.	11.839044658639	0.2	0.002791829935681789	0.4521084744021138	0.5009852837364752	0.0018334427183402452	0.0422179360517037	0.00002457684030934478	5.318201379657452e-6	0.00003845631537589128
4.	11.864118063018012	0.2	0.0029023103407439205	0.4518008319455478	0.5011185860319881	0.0018335484424524449	0.04228382321617835	0.000024706203422126288	5.31632319801675e-6	0.000036193819667136584
4.	11.889191467397023	0.2	0.0030140488435420926	0.45149325706627697	0.5012499982026547	0.0018336497021395539	0.04234999466022778	0.000024835831461377307	5.314438426585072e-6	0.00003421569369756183
4.	11.914264871776034	0.2	0.003126982663457156	0.45118579010625315	0.501379574509461	0.0018337466771860263	0.04241645216413526	0.00002496572560756303	5.3125475789905914e-6	0.00003248815389985532
4.	11.939338276155045	0.2	0.0032410494217735863	0.45087846935709364	0.5015073670650346	0.0018338395395739169	0.042483197381466234	0.00002509588699078118	5.31065114505217e-6	0.000030981348067192493
4.	11.964411680534058	0.2	0.0033561872071812553	0.45057133127849613	0.5016334260655595	0.0018339284543384164	0.042550231849439984	0.000025226316699500414	5.3087495933121e-6	0.000029668828285235593
4.	11.989485084913069	0.2	0.0034723346372506074	0.45026441067386735	0.5017577999764555	0.0018340135802531873	0.04261755700931548	0.000025357015787676872	5.306843373069813e-6	0.000028527107070165647
4.	12.01455848929208	0.2	0.0035894309295446164	0.44995774252806037	0.5018805375731349	0.0018340950772940273	0.04268517437175949	0.00002548798537621002	5.304932936016032e-6	0.000027531534830295412
4.	12.03963189367109	0.2	0.0037074159912875806	0.4496513661946585	0.5020016926162668	0.0018341731237192635	0.04275308592088673	0.000025619226891676965	5.303018785618354e-6	0.000026646926289460027
4.	12.064705298050104	0.2	0.0038262303723992763	0.4493453131612775	0.5021213102020728	0.0018342478661888695	0.04282129294674135	0.000025750741372976514	5.301101332865023e-6	0.00002585470994712763
4.	12.089778702429115	0.2	0.003945815353414391	0.44903961281827137	0.5022394331736314	0.0018343194432110805	0.04288979658986532	0.000025882529790445506	5.299180964193065e-6	0.00002514009181601301
4.	12.114852106808126	0.2	0.004066112995580296	0.44873429340437243	0.5023561031684525	0.0018343879889749749	0.04295859792971292	0.000026014593097534967	5.297258052611561e-6	0.000024489919809314586
4.	12.139925511187137	0.2	0.0041870661809079255	0.4484293820622586	0.5024713606745774	0.001834453633558717	0.04302769798752574	0.000026146932232242817	5.295332958335874e-6	0.00002389252893938293
4.	12.164998915566148	0.2	0.004308618649064387	0.4481249048845847	0.5025852450763689	0.0018345165030998522	0.04309709772615406	0.000026279548117799107	5.293406029310714e-6	0.000023337612610287162
4.	12.190072319945159	0.2	0.004430715031195912	0.44782088694982947	0.5026977946891931	0.0018345767199248078	0.04316679805675378	0.000026412441663326084	5.2914776016139935e-6	0.000022816111439588616
4.	12.215145724324172	0.2	0.004553300880870088	0.44751735235754153	0.5028090467936828	0.001834634402676655	0.04323679983609048	0.000026545613764238286	5.289547999854572e-6	0.000022320115374188654
4.	12.240219128703183	0.2	0.004676322702124027	0.44721432425138663	0.5029190376565402	0.0018346896663935597	0.04330710387075313	0.000026679065302015938	5.28761753742671e-6	0.000021842787500406247
4.	12.265292533082194	0.2	0.0047997279748685	0.44691182484553504	0.5030278025552719	0.0018347426226014362	0.043377710915452276	0.000026812797144224046	5.2856865168046684e-6	0.000021378289126613992
4.	12.290365937461205	0.2	0.004923465177639948	0.4466098754435401	0.5031353757946609	0.0018347933793763159	0.0434486216746777	0.000026946810144221147	5.283755229749181e-6	0.000020921719960813323
4.	12.315439341840218	0.2	0.005047483807855716	0.44630849645561765	0.5032417907215873	0.0018348420414005654	0.04351983680351473	0.00002708110514060741	5.281823957495611e-6	0.000020469064883489596
4.	12.340512746219229	0.2	0.005171734399672804	0.4460077074145477	0.5033470797384266	0.0018348887100138253	0.0435913569064363	0.00002721568295689193	5.279892970926215e-6	0.000020017147945819436
4.	12.36558615059824	0.2	0.0052961685395474765	0.44570752699021277	0.5034512743150414	0.0018349334832587073	0.04366318253845212	0.0000273505444008376	5.277962530726826e-6	0.00001956358908661998
4.	12.390659554977251	0.2	0.005420738879550201	0.445407972999505	0.5035544049956525	0.0018349764559077468	0.04373531420971347	0.000027485690263724734	5.276032887489063e-6	0.000019106769407389868
4.	12.415732959356262	0.2	0.005545399148769118	0.4451090624313951	0.5036565014229591	0.0018350177195531287	0.043807752358026524	0.000027621121320373227	5.274104281992543e-6	0.00001864579797662691
4.	12.440806363735273	0.2	0.005670104162229985	0.4448108114325369	0.5037575923177424	0.001835057362534109	0.043880497404384856	0.00002775683832709691	5.272176945020014e-6	0.0000181804822446327
4.	12.465879768114286	0.2	0.005794809828524752	0.44451323534393594	0.5038577055162949	0.001835095470075091	0.04395354969743024	0.000027892842022442927	5.270251097777675e-6	0.00001771130171658586
4.	12.490953172493297	0.2	0.005919473155147651	0.44421634869906834	0.5039568679643642	0.001835132124265156	0.04402690954003836	0.00002802913312574863	5.268326951859247e-6	0.000017239383990542978
4.	12.516026576872308	0.2	0.006044052252276395	0.44392016523689165	0.5040551057280196	0.0018351674040992018	0.04410057718506337	0.000028165712336609507	5.266404709386754e-6	0.000016766481313185144
4.	12.54109998125132	0.2	0.006168506334865678	0.44362469791186837	0.504152444001231	0.0018352013855070304	0.044174552833758554	0.000028302580334297932	5.264484563116247e-6	0.00001629495243510304
4.	12.566173385630332	0.2	0.0062927957231908365	0.44332995890522714	0.5042489071149402	0.001835234141387801	0.044248836636160235	0.00002843973777702675	5.26256669655853e-6	0.000015827741316691568
4.	12.591246790009343	0.2	0.0064168818418901125	0.4430359596349973	0.5043445185448272	0.001835265741639677	0.04432342869190044	0.00002857718530136228	5.260651284085664e-6	0.000015368359443858337
4.	12.616320194388354	0.2	0.006540727217610922	0.44274271076672234	0.5044393009199365	0.0018352962531925268	0.044398329048162356	0.000028714923521521833	5.258738491045828e-6	0.000014920870853862844
4.	12.641393598767365	0.2	0.006664295475342285	0.4424502222250692	0.5045332760324115	0.0018353257400445984	0.04447353770170624	0.000028852953028993393	5.256828473889193e-6	0.000014489872397119297
4.	12.931083530086722	0.2	0.008061232153040485	0.4391284547296985	0.5055666686564596	0.0018356097169770547	0.0453647696827061	0.000030468989918293852	5.235003175289049e-6	0.000012796071199978887
4.	13.220773461406079	0.2	0.009373664838750208	0.43591784194383365	0.5065257997520703	0.0018358545934684886	0.04629632700814969	0.00003212504455805846	5.21372881789774e-6	0.00001838681916952606
4.	13.510463392725436	0.2	0.010574221194407044	0.4328268603320514	0.5074426975134437	0.0018361563407034126	0.04726750444218759	0.00003382264641100869	5.1931648726817024e-6	0.000018737530795738533
4.	13.800153324044793	0.2	0.01164945889071579	0.42986242434115346	0.5083255638840485	0.001836526399832763	0.0482792236821486	0.00003556196430007725	5.173437060084467e-6	0.000011240837800782777
4.	14.08984325536415	0.2	0.012595718278253409	0.42701569941773154	0.5091758720626148	0.0018369537918755097	0.049329991527863395	0.000037342868045830476	5.154485954931391e-6	8.422053615432523e-6
4.	14.379533186683506	0.2	0.013416458858266601	0.4242816293322517	0.5099988805697684	0.0018374429196977887	0.05041878112445496	0.00003916555070370753	5.136293657170512e-6	7.641644856788699e-6
4.	14.669223118002863	0.2	0.014119546663370463	0.4216538326371368	0.5107976963002862	0.0018379918932575326	0.051544448725432776	0.000041030115456713626	5.1188228287836506e-6	5.453665059634849e-6
4.	14.95891304932222	0.2	0.014715056883283869	0.41912000437046487	0.5115726650327268	0.0018385902038494514	0.05270471410071234	0.00004293651635161943	5.101963702172265e-6	6.032892611071428e-6
4.	15.248602980641577	0.2	0.01521428555762183	0.4166720835065823	0.5123228384410111	0.0018392238857875263	0.053898187980923364	0.00004488457229654433	5.0856510900229534e-6	8.496055777254541e-6
4.	15.538292911960934	0.2	0.01562883344023404	0.41430606699024947	0.5130456798202007	0.001839874341583116	0.055124489609279875	0.000046873911440711326	5.069863054153402e-6	8.181887012091715e-6
4.	15.82798284328029	0.2	0.015969595967013087	0.4120138246090176	0.5137382173400016	0.0018405223753379266	0.05638229268548426	0.000048904114937069503	5.054527814947418e-6	6.642908208495668e-6
4.	16.117672774599647	0.2	0.01624662793879161	0.409787857913174	0.5143978153488543	0.0018411508483526465	0.0576702995005453	0.000050974752127548776	5.0395788419862155e-6	5.273698154506512e-6
4.	16.407362705919002	0.2	0.016469019638386862	0.4076222775891647	0.5150234687008953	0.001841749204315806	0.05898738195173577	0.00005308551766701464	5.024967174382135e-6	3.017397834516322e-6
4.	16.69705263723836	0.2	0.01664462174806957	0.405508258533601	0.5156144867632286	0.0018423086581741477	0.060331523831968756	0.00005523614780634176	5.010608201544069e-6	3.5643171515942207e-6
4.	16.986742568557716	0.2	0.016780542354370213	0.40344251194166003	0.5161692058600944	0.0018428175239323327	0.06170213079108736	0.0000574262090348601	4.996479231489146e-6	5.365319820802017e-6
4.	17.276432499877075	0.2	0.016882936103775368	0.40142223599862326	0.516686715004367	0.0018432673228670102	0.06309865883022787	0.00005965532422861132	4.982562495289511e-6	6.5314159108931236e-6
4.	17.56612243119643	0.2	0.016957024192643617	0.3994438585954991	0.517166765089904	0.0018436523949756465	0.06452026323402407	0.00006192318581523597	4.968830511049075e-6	6.5133071383560726e-6
4.	17.85581236251579	0.2	0.017007243306214302	0.3975038184197152	0.5176089342942092	0.0018439668702214214	0.06596607047884938	0.00006422945457760091	4.955254719669532e-6	5.737176212869399e-6
4.	18.145502293835143	0.2	0.01703736072798112	0.3955989655833684	0.5180131658217607	0.0018442065440007582	0.06743524077610108	0.00006657382463910978	4.94181056958251e-6	4.486722148838718e-6
4.	18.435192225154502	0.2	0.017050438039270026	0.39372447004016914	0.5183806769083181	0.0018443720709378872	0.06892622063836912	0.00006895617503417432	4.928453583288274e-6	4.866127901514972e-6
4.	18.724882156473857	0.2	0.01704930365386255	0.3918800412629607	0.5187109236341826	0.001844458127046435	0.0704389854999013	0.00007137611095254944	4.915190638407985e-6	4.911711093819049e-6
4.	19.014572087793216	0.2	0.017036245287411877	0.3900636192328807	0.5190038199891185	0.0018444612866234085	0.07197291582883283	0.00007383330441807154	4.9020074830311284e-6	5.1050707146338414e-6
4.	19.30426201911257	0.2	0.01701319252177805	0.38827347539858403	0.5192599661754562	0.00184438080320168	0.07352740003089635	0.00007632752263313726	4.888893509185207e-6	5.257547450565614e-6
4.	19.59395195043193	0.2	0.01698177439303935	0.38650814648334614	0.5194802334093122	0.0018442171068985694	0.0751018617029563	0.00007885857928148206	4.875840799075756e-6	4.908325166030902e-6
4.	19.883641881751284	0.2	0.016943338502888164	0.38476584452262796	0.519665323228818	0.0018439702188864139	0.07669560507188415	0.0000814262747945403	4.862836955111341e-6	4.492180100748588e-6
4.	20.17333181307064	0.2	0.01689895814098238	0.38304398055249633	0.5198163782811754	0.0018436419019171634	0.07830754763792336	0.00008402675633101866	4.8498597371478825e-6	5.4667291742860336e-6
4.	20.463021744389998	0.2	0.016849707937945824	0.38134311475742294	0.519933960007023	0.0018432320170551975	0.0799377842055134	0.00008665986159886303	4.836923463745406e-6	5.541213440873882e-6
4.	20.752711675709357	0.2	0.01679640259175293	0.37966203900451573	0.5200185372051354	0.0018427402457439174	0.08158579514421245	0.00008932745050123303	4.824021050169659e-6	5.158358138288022e-6
4.	21.04240160702871	0.2	0.01673972499853409	0.37799956951926394	0.5200705581251795	0.0018421663331980485	0.08325108058555568	0.00009202913578294894	4.8111452733371155e-6	4.87130248578993e-6
4.	21.332091538348067	0.2	0.016680262969902056	0.37635490334469857	0.5200909468952837	0.0018415118348217338	0.08493321068013952	0.00009476461265783996	4.798293375408214e-6	4.399662496559764e-6
4.	21.621781469667425	0.2	0.01661849080166187	0.37472695025424557	0.5200808262694686	0.0018407791213635287	0.08663133506182258	0.00009753362388018066	4.78545891740774e-6	4.084867557693772e-6
4.	21.911471400986784	0.2	0.016554796298611108	0.37311443444171216	0.5200408888854601	0.0018399691439776157	0.08834493680870736	0.00010033583953879072	4.772632647436496e-6	4.638581992816304e-6
4.	22.20116133230614	0.2	0.016489581616047192	0.37151744391744623	0.5199715868634868	0.0018390820993342382	0.09007399916560142	0.00010317087081895026	4.759821196835377e-6	5.135467265202087e-6
4.	22.490851263625494	0.2	0.016423153236226527	0.3699354801192315	0.5198737880708114	0.001838119743814378	0.09181823433201913	0.0001060384193774269	4.7470241843599535e-6	5.18607851958397e-6
4.	22.780541194944853	0.2	0.016355760870092963	0.36836785308398245	0.5197480648948056	0.0018370828702612867	0.0935773332367126	0.00010893813218945007	4.734238507317354e-6	4.966911955631148e-6
4.	23.07023112626421	0.2	0.016287613390795222	0.36681387573658897	0.5195949655043716	0.0018359722619083825	0.0953510116345696	0.00011186965214886124	4.721460837209359e-6	4.691819617402837e-6
4.	23.359921057583566	0.2	0.01621888022147265	0.36527291827392516	0.5194158280835407	0.0018347915629608124	0.09713817705095476	0.0001148328025974786	4.708688766863498e-6	4.572004548411557e-6
4.	23.64961098890292	0.2	0.016149718545105128	0.3637445242029743	0.5192112310726902	0.0018335417965120496	0.09893854732193237	0.00011782724792967223	4.695921308827558e-6	4.609812856243289e-6
4.	23.93930092022228	0.2	0.01608027788982712	0.3622285000844803	0.5189814932239454	0.0018322231291596062	0.10075198432606375	0.0001208525908382317	4.683160312872813e-6	4.668755685638404e-6
4.	24.22899085154164	0.2	0.016010669990341158	0.3607244247978198	0.5187272112178507	0.0018308367653435754	0.1025781346821828	0.00012390850145389408	4.670404871164504e-6	4.814045008003087e-6
4.	24.518680782860994	0.2	0.01594099453742205	0.35923202239442	0.5184491734912344	0.0018293846379132195	0.10441669454858475	0.0001269947008746431	4.657655774134534e-6	4.735689550935951e-6
4.	24.80837071418035	0.2	0.015871328963199875	0.3577508724024939	0.5181479451746628	0.0018278679394007336	0.10626734615426618	0.00013011086328420284	4.644911771003658e-6	4.5285026923080896e-6
4.	25.098060645499707	0.2	0.015801708851829747	0.3562800751022376	0.5178241175886246	0.0018262879995903612	0.10812976783160468	0.00013325667865551606	4.632165647471755e-6	4.7859474575501215e-6
4.	25.387750576819066	0.2	0.01573221873421615	0.3548198046958777	0.5174784574737538	0.0018246468084963316	0.11000356441059962	0.00013643187949201276	4.6194231691511385e-6	4.875997564421364e-6
4.	25.67744050813842	0.2	0.015662914945710742	0.35336987194471636	0.5171113976359363	0.0018229452172219803	0.11188849967103252	0.0001396361196155789	4.606685378162321e-6	4.734465766570439e-6
4.	25.967130439457776	0.2	0.015593834850508616	0.35192990908832567	0.5167233449507693	0.0018211840222129103	0.11378424632830945	0.0001428690494295115	4.593951004025204e-6	4.611710444551997e-6
4.	26.256820370777135	0.2	0.015525012398758758	0.35049964114646986	0.5163148297458098	0.0018193644892801465	0.11569051084444507	0.00014613035605708614	4.581219854696014e-6	4.511019179309628e-6
4.	26.54651030209649	0.2	0.015456476415072227	0.3490788245317949	0.5158864177742266	0.001817488040768207	0.11760713160948534	0.0001494197422357846	4.568492026753345e-6	4.241886417025165e-6
4.	26.836200233415845	0.2	0.015388225513774926	0.3476668054752528	0.51543875349632	0.0018155564058171141	0.11953350007514868	0.0001527369453304799	4.555762536776797e-6	4.422088355965359e-6
4.	27.125890164735203	0.2	0.015320302434338321	0.3462637262339152	0.5149721543580799	0.001813570189373274	0.1214695088077861	0.0001560816030024259	4.5430358263648684e-6	4.656373504774436e-6
4.	27.415580096054562	0.2	0.015252728297364458	0.34486947082772457	0.5144871855537552	0.0018115308952616563	0.12341492647654734	0.00015945343469429618	4.5303132440786655e-6	4.704514652537073e-6
4.	27.705270027373917	0.2	0.015185515549355497	0.3434838174556781	0.5139842754806494	0.0018094395699717492	0.12536948444323198	0.00016285212460215336	4.517594672091521e-6	4.615376511141189e-6
4.	27.994959958693272	0.2	0.015118671463325241	0.34210650078299254	0.5134637788170836	0.0018072970235843602	0.12733295817842186	0.00016627733756836936	4.504879325190534e-6	4.516397024006968e-6
4.	28.28464989001263	0.2	0.01505220172336794	0.34073730332284696	0.5129262101570202	0.0018051046507758304	0.1293050588895804	0.00016972879475834858	4.492167013132679e-6	4.392461650321033e-6
4.	28.57433982133199	0.2	0.014986102968473556	0.3393759087873023	0.5123721748401863	0.001802864185643141	0.131285326534519	0.00017320625725374917	4.479456299808551e-6	4.416426621967062e-6
4.	28.864029752651344	0.2	0.014920392692004517	0.338022338545505	0.5118018756447121	0.001800575964731095	0.13327368001719464	0.0001767093518215598	4.466749588802175e-6	4.427784031035831e-6
4.	29.153719683970703	0.2	0.014855073176941003	0.33667640672988425	0.5112156563588222	0.0017982408390491888	0.13526986969066448	0.0001802377573180459	4.454046750336738e-6	4.515447320913024e-6
4.	29.443409615290058	0.2	0.01479014837164445	0.33533800329455493	0.5106139696343419	0.0017958600595460715	0.13727372359035425	0.00018379119545728628	4.441348584989675e-6	4.503854101001181e-6
4.	29.733099546609417	0.2	0.014725618865822781	0.33400697555833386	0.5099971978879269	0.0017934346460232204	0.13928498430926192	0.0001873693693374041	4.428655261472362e-6	4.419363293983736e-6
4.	30.02278947792877	0.2	0.014661478826587653	0.3326830873495488	0.5093657550311688	0.0017909657440791662	0.1413033013881663	0.0001909721835999348	4.415965871250237e-6	4.439476849443791e-6
4.	30.31247940924813	0.2	0.014597726190680354	0.3313661948428237	0.5087200963095255	0.0017884546587594412	0.1433284092317112	0.00019460138917579888	4.403280607399307e-6	4.517377324014804e-6
4.	30.602169340567485	0.2	0.014534368452675792	0.3300563116437522	0.5080604978878115	0.0017859020788714014	0.14536021018560782	0.0001982545495375442	4.390601451808326e-6	4.4552017438581615e-6
4.	30.891859271886844	0.2	0.014471401383775067	0.3287532588572809	0.5073872030037885	0.0017833085903245242	0.1473985147989651	0.00020193132310472128	4.3779279320231724e-6	4.382042761152949e-6
4.	31.1815492032062	0.2	0.014408822536323689	0.32745691592734744	0.5067005396335784	0.0017806750889900922	0.14944305314758194	0.0002056314040278645	4.365260295299046e-6	4.362262150503504e-6
4.	31.471239134525554	0.2	0.014346631174944884	0.3261672170692964	0.506000916234136	0.0017780027648867137	0.15149362412974512	0.00020935452396315487	4.3525994670894496e-6	4.2541030277620795e-6
4.	31.760929065844913	0.2	0.014284817455302901	0.3248839420552516	0.5052886959861064	0.0017752926595552944	0.15354990756688625	0.0002131004037832083	4.339944379090192e-6	4.243873114428975e-6
4.	32.050618997164264	0.2	0.014223378856411228	0.3236069917857536	0.504564130520607	0.0017725454327569973	0.1556117294286199	0.00021686872038077912	4.327295353070174e-6	4.3552554704895385e-6
4.	32.34030892848362	0.2	0.014162317736997714	0.3223363693809737	0.5038275239417178	0.0017697619382991843	0.15767897097210531	0.00022065917548350504	4.314653973269123e-6	4.3968544226891115e-6
4.	32.62999885980298	0.2	0.014101631174481091	0.3210719948348337	0.5030791867194747	0.0017669430614769908	0.15975142015484228	0.00022447147899364944	4.302020753903858e-6	4.352575897703659e-6
4.	32.91968879112234	0.2	0.014041314391420125	0.3198137546182668	0.502319373319909	0.0017640894995432888	0.16182886619234332	0.00022830532023771126	4.289395718058982e-6	4.296658279862031e-6
4.	33.2093787224417	0.2	0.013981363138752494	0.31856155491104904	0.5015483654360903	0.0017612020536256167	0.16391111460813537	0.00023216040438139358	4.27677911154288e-6	4.239447965709298e-6
4.	33.49906865376106	0.2	0.01392176853762646	0.31731524341102274	0.5007665595571987	0.0017582819357200724	0.16599788769418478	0.00023603649638630499	4.264170479088512e-6	4.222367860795551e-6
4.	33.78875858508041	0.2	0.013862530507030167	0.31607479647097436	0.4999741453508116	0.0017553296389465794	0.16808904694452875	0.00023993326786356494	4.251570814084261e-6	4.217819844970494e-6
4.	34.07844851639977	0.2	0.013803645846744506	0.314840142975358	0.49917132867909686	0.001752345720424979	0.17018442517737364	0.00024385040060346887	4.238980494209481e-6	4.2612003985087465e-6
4.	34.36813844771912	0.2	0.013745111789512139	0.31361123686519715	0.4983584062474002	0.0017493310629166832	0.17228385752537045	0.0002477876242807541	4.22640023262408e-6	4.26888532265024e-6
4.	34.65782837903848	0.2	0.013686924278667547	0.3123880069691429	0.4975356323362513	0.001746286406588183	0.1743871777257035	0.0002517446528230161	4.213830371982845e-6	4.22763082358335e-6
4.	34.947518310357836	0.2	0.013629078763124833	0.31117037496002875	0.496703248907285	0.001743212454421913	0.17649418090538133	0.0002557211982719247	4.201271127436755e-6	4.1828114862862975e-6
4.	35.237208241677195	0.2	0.013571565944640745	0.3099581953914613	0.49586158993079127	0.0017401102380497496	0.178604577527996	0.0002597170263111585	4.188721895087883e-6	4.243940749770747e-6
4.	35.52689817299655	0.2	0.013514388532027997	0.30875151540929613	0.49501084528864736	0.0017369802888783828	0.18071832395213167	0.00026373183076950203	4.1761843765138305e-6	4.21469824893328e-6
4.	35.81658810431591	0.2	0.013457541708446355	0.3075502520643437	0.4941512016650636	0.0017338231323770588	0.1828352507249824	0.0002677653077595016	4.163658612014371e-6	4.165397027300344e-6
4.	36.10627803563526	0.2	0.013401021049088373	0.3063543337142008	0.4932828612862402	0.001730639353573851	0.18495516998792863	0.0002718171647131834	4.151144766668311e-6	4.157444254915266e-6
4.	36.39596796695462	0.2	0.013344823803423111	0.30516372907423295	0.4924060890180676	0.0017274297620194143	0.18707792958646877	0.0002758871476321021	4.1386435258419e-6	4.111608156109892e-6
4.	36.68565789827397	0.2	0.013288944978807761	0.30397836441151066	0.4915211168462468	0.001724195056406065	0.18920334289024232	0.0002799749899816208	4.126154996678397e-6	4.060826804902495e-6
4.	36.97534782959333	0.2	0.013233377769455074	0.30279813534926486	0.49062817514194	0.0017209359340684628	0.19133118702393398	0.0002840804295238	4.113678873901906e-6	4.108351813719713e-6
4.	37.26503776091269	0.2	0.013178122648610617	0.30162305881040424	0.4897274363188508	0.0017176528931701633	0.19346138274912686	0.0002882031734532106	4.101216326341032e-6	4.143406384105042e-6
4.	37.55472769223205	0.2	0.013123176812398806	0.30045310277662796	0.4888191250691932	0.0017143466191961337	0.19559378673502428	0.0002923429640553797	4.0887679161916935e-6	4.119023504167707e-6
4.	37.84441762355141	0.2	0.013068536153384446	0.2992882065201095	0.48790341755451255	0.0017110176311817004	0.19772824185496263	0.00029649951929313983	4.076333793344089e-6	4.080766556030513e-6
4.	38.134107554870766	0.2	0.013014196822460123	0.29812831618862723	0.48698049907506485	0.0017076664838255532	0.19986458964033996	0.0003006725662296126	4.063914179442591e-6	4.059223452756999e-6
4.	38.42379748619012	0.2	0.012960154845069703	0.29697338679599633	0.4860506272664446	0.0017042939889091032	0.20200265178188617	0.0003048618815961386	4.051509431446302e-6	4.0234400978944596e-6
4.	38.71348741750948	0.2	0.012906406109811771	0.29582336157893296	0.48511398775212544	0.0017009007089514026	0.2041422624750111	0.0003090672028983225	4.039119694981503e-6	4.014172269001248e-6
4.	39.00317734882883	0.2	0.012852948846642042	0.2946782173237276	0.4841707053045772	0.0016974869962759992	0.20628332480490302	0.00031328823190442844	4.026745486995968e-6	4.028491969676473e-6
4.	39.29286728014819	0.2	0.012799780387296966	0.29353792543258006	0.483220974301292	0.001694053450283991	0.2084257002358011	0.0003175247185799344	4.014387280505535e-6	4.041474165855652e-6
4.	39.582557211467545	0.2	0.012746898132427019	0.2924024593817013	0.4822649910395453	0.0016906006799727205	0.21056925571830415	0.0003217764190793742	4.00204555940789e-6	4.018628970203775e-6
4.	39.872247142786904	0.2	0.012694298648339583	0.2912717739153149	0.48130291939291375	0.001687129183423729	0.21271384760599193	0.0003260430727317459	3.989720534076696e-6	3.988181284303449e-6
4.	40.16193707410626	0.2	0.012641977054541972	0.2901458039444817	0.48033496127665515	0.0016836395947079426	0.21485928926993306	0.0003303250204447599	3.977412168663093e-6	4.003839235461326e-6
4.	40.451627005425614	0.2	0.01258993204165638	0.28902454551240336	0.47936130127731963	0.0016801324896647345	0.21700547651187954	0.00033462192215260873	3.965121178871912e-6	3.9902449237572135e-6
4.	40.74131693674497	0.2	0.01253816148009973	0.28790797287771874	0.4783820684624144	0.001676608251964759	0.21915230074544606	0.00033893305628192284	3.952847956331271e-6	3.9551260744841166e-6
4.	41.031006868064324	0.2	0.012486662076719397	0.28679604132365616	0.4773974008043682	0.0016730672988380195	0.22129962694435257	0.0003432581552870651	3.940592641816322e-6	3.943396778588459e-6
4.	41.32069679938368	0.2	0.012435431581897943	0.2856887302437879	0.4764074749322132	0.0016695101852276738	0.22344733174502082	0.000347596982945026	3.928355692272813e-6	3.9243289074175625e-6
4.	41.61038673070304	0.2	0.012384467556622378	0.28458601479371803	0.4754124591385264	0.0016659374389885358	0.22559529109755538	0.00035194930173729184	3.916137492355915e-6	3.880672851896971e-6
4.	41.9000766620224	0.2	0.012333765204613914	0.2834878300236921	0.4744125321923586	0.001662349626727458	0.22774331899963318	0.0003563148870742159	3.903937907313125e-6	3.8890659004864325e-6
4.	42.18976659334176	0.2	0.012283323552419723	0.28239417078689727	0.4734078135388322	0.0016587471091406695	0.22989133800003864	0.0003606934735851184	3.891757517834424e-6	3.913539086380924e-6
4.	42.47945652466112	0.2	0.01223314115409233	0.28130502956392284	0.47239846485090414	0.0016551303967888918	0.23203924972684317	0.0003650848315780943	3.879596887958545e-6	3.899475870511315e-6
4.	42.76914645598047	0.2	0.012183215357666949	0.28022037373531367	0.4713846192738515	0.0016514999020919598	0.2341869320587866	0.000369488713819664	3.86745623211953e-6	3.870958469626151e-6
4.	43.05883638729983	0.2	0.01213354346533198	0.2791401695999817	0.47036640684879966	0.0016478560283467697	0.2363342625265118	0.00037390487421335117	3.855335737203877e-6	3.856656814682502e-6
4.	43.34852631861918	0.2	0.012084123524323894	0.27806440131894655	0.46934399086570516	0.001644199297010817	0.23848112827674398	0.00037833309705484226	3.843235827233687e-6	3.823620214782331e-6
4.	43.63821624993854	0.2	0.012034951761540041	0.27699302218761296	0.4683175446224197	0.0016405302661954965	0.24062736428891804	0.0003827731802851508	3.8311565253702665e-6	3.813693028709153e-6
4.	43.927906181257896	0.2	0.01198602732115988	0.27592602534004745	0.4672871525280363	0.0016368491841727833	0.2427729084381619	0.00038722485319147226	3.819098302070107e-6	3.8123352302799063e-6
4.	44.217596112577255	0.2	0.011937348124349038	0.27486338856449694	0.46625294516974913	0.0016331564624845257	0.24491765075085498	0.00039168788604368015	3.807061448421158e-6	3.8230420217055805e-6
4.	44.50728604389661	0.2	0.011888912567300425	0.27380510050059903	0.4652150705106971	0.0016294525749670258	0.24706149310170034	0.0003961620679286753	3.795046395267359e-6	3.808676807437461e-6
4.	44.796975975215965	0.2	0.011840718403410538	0.27275113488566255	0.4641736502117454	0.0016257379047028304	0.24920432571582746	0.0004006471701579008	3.7830533567735453e-6	3.785708493408979e-6
4.	45.08666590653532	0.2	0.011792841726529687	0.27170327331862115	0.46313190395763265	0.0016220236862927936	0.2513410311824727	0.0004051456780742948	3.771107639414347e-6	3.7804503766891706e-6
4.	45.37635583785468	0.2	0.011745385572775704	0.27066392123001326	0.4620941446644447	0.0016183249825614773	0.2534647870460942	0.00040966119559366097	3.7592432780050475e-6	3.775308517028897e-6
4.	45.66604576917404	0.2	0.011698164484742316	0.26962882123362825	0.4610532298549997	0.0016146167383360064	0.255587230313557	0.00041418723896540627	3.747401734389633e-6	3.750135771252161e-6
4.	45.95573570049339	0.2	0.011651176223966065	0.2685979446344683	0.4600092606170138	0.0016108992697500323	0.2577082616800529	0.00041872358002502407	3.7355831413140527e-6	3.7339947239201088e-6
4.	46.24542563181275	0.2	0.011604418913417566	0.26757127093277516	0.45896235105795624	0.0016071729396776595	0.2598277897470525	0.0004232700058513645	3.7237877362040323e-6	3.7264032694550586e-6
4.	46.53511556313211	0.2	0.011557891014216925	0.26654878728631787	0.4579126274915099	0.001603438154833433	0.26194573091733475	0.0004278263188714252	3.7120158542608988e-6	3.6988169156981776e-6
4.	46.82480549445147	0.2	0.01151158995006477	0.2655304612993283	0.4568602080347912	0.0015996952942835669	0.2640619681328155	0.0004323923184832031	3.7002675654093803e-6	3.6849702334529333e-6
4.	47.11449542577082	0.2	0.011465513758298537	0.2645162696774387	0.45580519706379913	0.0015959446899987684	0.2661764083735277	0.00043696779512237275	3.6885430406468085e-6	3.6986418148199363e-6
4.	47.40418535709018	0.2	0.011419661671695103	0.2635062101940425	0.45474769721976993	0.0015921866688626371	0.2682890011715732	0.00044155254114876664	3.676842714670919e-6	3.6905329078851246e-6
4.	47.69387528840954	0.2	0.011374031905951619	0.26250026204584265	0.4536878075632741	0.00158842154617399	0.270399662057986	0.0004461463492611782	3.6651667728068296e-6	3.6685315104589833e-6
4.	47.983565219728895	0.2	0.011328622544818489	0.2614984012340099	0.45262562074577317	0.0015846496157120645	0.27250830347502136	0.00045074900942394986	3.6535153478736956e-6	3.653375241052803e-6
4.	48.27325515104825	0.2	0.011283432026662432	0.26050061179007805	0.451561242428975	0.001580871217692356	0.27461484637369676	0.00045536032812595493	3.64188867715086e-6	3.635834769477597e-6
4.	48.562945082367605	0.2	0.011238458290422085	0.25950687147443247	0.450494798427494	0.0015770867637323598	0.27671918659021705	0.0004599801366737989	3.6302869521732075e-6	3.6183170281645083e-6
4.	48.852635013686964	0.2	0.011193699866780727	0.2585171622293606	0.449426366213084	0.0015732964970285792	0.2788212563637815	0.00046460822145859103	3.6187102894514357e-6	3.6106085058440485e-6
4.	49.14232494500632	0.2	0.011149155377140533	0.2575314678672698	0.4483560251586105	0.001569500668236727	0.28092099106259993	0.00046924437374019017	3.6071589201803088e-6	3.6154924022979706e-6
4.	49.432014876325674	0.2	0.011104823611311435	0.25654977849369215	0.44728387980562195	0.001565699616889561	0.28301832469448496	0.0004738884145291817	3.5956331331776594e-6	3.6053634707156057e-6
4.	49.72170480764503	0.2	0.011060702990112036	0.2555720755437536	0.4462100188548805	0.0015618936278087644	0.2851131823079388	0.00047854015225168637	3.584133089194363e-6	3.5865232544951553e-6
4.	50.01139473896439	0.2	0.011016791860976262	0.2545983386041797	0.4451345269865588	0.0015580829724612087	0.2872054871151643	0.000483199416694909	3.5726589164054816e-6	3.5730439649217516e-6
4.	50.30108467028374	0.2	0.010973088280752738	0.25362854628877984	0.444057521419128	0.00155426803689776	0.28929513936445334	0.00048786657682365736	3.561210743520963e-6	3.5700331647015027e-6
4.	50.5907746016031	0.2	0.01092959149190863	0.2526626922676931	0.44297907261475283	0.0015504490441780015	0.2913821016110194	0.0004925408966771925	3.5497888613621015e-6	3.5520737707295247e-6
4.	50.88046453292246	0.2	0.01088629997952449	0.2517007569227069	0.4418992528693443	0.001546626224433649	0.2934663061130619	0.0004972221785549271	3.538393383551604e-6	3.5357123738810614e-6
4.	51.17015446424182	0.2	0.01084321226710415	0.2507427221101361	0.4408181406556281	0.0015427998300454873	0.29554768439002915	0.0005019102347654507	3.5270244409308223e-6	3.5305122916828857e-6
4.	51.45984439556117	0.2	0.010800327255546109	0.2497885782708933	0.4397358288326153	0.0015389701643502382	0.29762617843805933	0.0005066048975463249	3.515682279242476e-6	3.5121409893701383e-6
4.	51.74953432688053	0.2	0.010757643435419517	0.24883830680077648	0.438652397179424	0.0015351374854909248	0.29970171770858844	0.0005113059880946066	3.504367013406265e-6	3.491402205957339e-6
4.	52.03922425819989	0.2	0.010715158888467384	0.24789188323366673	0.43756793685446904	0.0015313020920002353	0.3017742096650948	0.0005160133446270878	3.4930786810532433e-6	3.4959216747010302e-6
4.	52.328914189519246	0.2	0.01067287304916675	0.24694930384589098	0.4364825125545441	0.001527464190352793	0.3038436282563385	0.0005207267779180365	3.4818175786516113e-6	3.4913257888069538e-6
4.	52.6186041208386	0.2	0.010630784695840022	0.24601055466323182	0.43539620053441075	0.0015236240280045545	0.3059099160003527	0.0005254461156191199	3.4705838595344023e-6	3.4739625410229458e-6
4.	52.908294052157956	0.2	0.01058889242291435	0.2450756173241277	0.43430906863767654	0.0015197818234919751	0.30797301034651264	0.0005301711786733287	3.45937761457659e-6	3.458266603417748e-6
4.	53.197983983477314	0.2	0.010547194950198836	0.2441444762353067	0.4332211889436756	0.0015159378106730636	0.3100328524444904	0.0005349017964039412	3.4481989685201243e-6	3.4478192514342254e-6
4.	53.48767391479667	0.2	0.01050569109568914	0.24321711946181193	0.43213264855223066	0.001512092276446684	0.3120893820573593	0.0005396378203463088	3.4370480982017955e-6	3.4287361160290075e-6
4.	53.777363846116025	0.2	0.010464379356309431	0.24229352749547525	0.43104352047081657	0.0015082454588632504	0.31414252935094383	0.000544379088585716	3.4259250684898315e-6	3.418779006003625e-6
4.	54.06705377743538	0.2	0.010423258777758243	0.24137368769174244	0.4299538547190938	0.0015043975159906484	0.31619225777073706	0.0005491254134320712	3.4148300159209065e-6	3.4181112457121188e-6
4.	54.35674370875474	0.2	0.010382328370358811	0.24045758980029694	0.4288637251131641	0.0015005486896021662	0.31823852056740976	0.000553876640322559	3.4037631182548076e-6	3.4108188456949406e-6
4.	54.6464336400741	0.2	0.010341587003093101	0.23954522017844312	0.42777319885429654	0.0014966991987494494	0.3202812670540453	0.0005586326098351652	3.3927245007370725e-6	3.3951015372957194e-6
4.	54.93612357139345	0.2	0.010301033428090026	0.2386365623562383	0.42668233750139767	0.001492849243154107	0.32232044311587293	0.0005633931585538748	3.3817142440564333e-6	3.3811966929642168e-6
4.	55.22581350271281	0.2	0.010260666322829504	0.23773160017066433	0.4255912156983298	0.0014889990687174176	0.32435598560277074	0.0005681581437175442	3.3707324365545064e-6	3.374992970706092e-6
4.	55.51550343403217	0.2	0.010220484751051367	0.23683032355221023	0.424499901779376	0.0014851488996494035	0.3263878519348731	0.0005729274180385711	3.359779238699558e-6	3.36166480130462e-6
4.	55.80519336535153	0.2	0.010180487703211349	0.23593271845716998	0.42340844319797594	0.0014812988874814976	0.328416004495124	0.0005777008094308378	3.348854742628515e-6	3.346449606478341e-6
4.	56.09488329667088	0.2	0.01014067399958251	0.23503876878493624	0.42231689530961725	0.0014774492117577255	0.33044039429981364	0.0005824781592229281	3.3379590143419826e-6	3.340235069704267e-6
4.	56.38457322799024	0.2	0.010101042735250178	0.23414846469496617	0.42122532416381075	0.001473600089787801	0.3324609814874848	0.0005872593266730688	3.3270922046540204e-6	3.327502027195006e-6
4.	56.6742631593096	0.2	0.010061592842551632	0.2332617924667509	0.42013378830883985	0.0014697517129800767	0.3344777211945906	0.000592044164176969	3.316254405340283e-6	3.3093101099446187e-6
4.	56.963953090628955	0.2	0.010022322943207993	0.23237873364535921	0.41904235302865306	0.0014659042966376047	0.3364905497601097	0.0005968325370238988	3.305445646288085e-6	3.3037890084797183e-6
4.	57.25364302194831	0.2	0.009983232216185219	0.23149927791401884	0.4179510690561359	0.0014620580054814127	0.33849943742669947	0.0006016242933373925	3.294666052164535e-6	3.3010881417827598e-6
4.	57.543332953267665	0.2	0.00994431985549618	0.23062341569374026	0.4168599909273386	0.0014582130178504493	0.34050435400673496	0.000606419289712707	3.2839157562780182e-6	3.2872091269009474e-6
4.	57.833022884587024	0.2	0.009905584764557359	0.22975113153864007	0.4157691680341284	0.001454369494392806	0.3425052565786276	0.000611217378391932	3.273194808320401e-6	3.2722112617844523e-6
4.	58.12271281590638	0.2	0.009867025880232692	0.22888241067968995	0.41467865047037417	0.0014505275985079824	0.3445021034654419	0.0006160184155996725	3.262503263951309e-6	3.263490153559978e-6
4.	58.412402747225734	0.2	0.00982864236165008	0.22801724340597856	0.4135884969866635	0.001446687524162533	0.3464948609200383	0.0006208222735792276	3.251841247366864e-6	3.2465279278248715e-6
4.	58.70209267854509	0.2	0.009790432937373937	0.2271556127468529	0.412498770159428	0.0014428494789812047	0.34848347030032323	0.0006256288339540785	3.2412087861512787e-6	3.235543086732573e-6
4.	58.99178260986445	0.2	0.009752396811625604	0.22629750666940077	0.41140950391183123	0.0014390135706332846	0.3504679107311698	0.0006304379383932426	3.2306059527979275e-6	3.230366945994323e-6
4.	59.2814725411838	0.2	0.009714533115047675	0.22544291378098075	0.41032074790181655	0.0014351799620898103	0.3524481507367549	0.0006352494550494497	3.220032834588645e-6	3.2250482608908726e-6
4.	59.57116247250316	0.2	0.009676840989134981	0.22459182304166808	0.40923255313686296	0.0014313488212965044	0.3544241588940007	0.0006400632573543248	3.2094895212976266e-6	3.2118596823837997e-6
4.	59.86085240382252	0.2	0.009639319431917792	0.2237442199945856	0.40814496393766075	0.0014275202930582377	0.3563958987783183	0.0006448792114723559	3.198976050668418e-6	3.198352986955033e-6
4.	60.15054233514188	0.2	0.009601967447931035	0.22290009064404886	0.4070580274644158	0.0014236945323523036	0.3583633328187548	0.0006496973717918801	3.188492465291049e-6	3.1897207053432908e-6
4.	60.44023226646123	0.2	0.009564784092095211	0.22205942343301766	0.40597180332036065	0.0014198717379085397	0.36032642029393197	0.0006545176243802652	3.178038844502449e-6	3.179498305749817e-6
4.	60.72992219778059	0.2	0.009527768612117201	0.2212222067240609	0.40488632265879637	0.0014160520091797294	0.36228514449324883	0.0006593396560608701	3.1676152469229817e-6	3.165846536146155e-6
4.	61.01961212909995	0.2	0.009490920038151746	0.220388425990354	0.4038016248463439	0.0014122354745674862	0.3642394725762506	0.0006641633351346933	3.1572216951106175e-6	3.1577391975678992e-6
4.	61.309302060419306	0.2	0.009454237553103564	0.21955807017293982	0.40271775515878	0.001408422283355201	0.36618937769684984	0.0006689885424092978	3.146858258329249e-6	3.1485925622853905e-6
4.	61.59899199173866	0.2	0.009417720324990947	0.21873112778948012	0.4016347576710689	0.0014046125808350228	0.3681348326996036	0.0006738151597912397	3.1365249969166214e-6	3.1337742301684735e-6
4.	61.888681923058016	0.2	0.009381367351247612	0.21790758414756053	0.4005526753322824	0.0014008065085643077	0.37007580069052654	0.0006786430703322396	3.126221925423049e-6	3.1228994863408133e-6
4.	62.178371854377374	0.2	0.009345177706077864	0.21708742591763344	0.3994715510195238	0.0013970042080459248	0.3720122490209785	0.000683472160000621	3.1159490738084384e-6	3.1199677397730774e-6
4.	62.46806178569673	0.2	0.009309150773022894	0.2162706444996759	0.3983914209455834	0.00139320579766881	0.37394416691932664	0.0006883023063803372	3.1057065283146996e-6	3.1087583420852383e-6
4.	62.757751717016085	0.2	0.009273285660105556	0.21545722630382172	0.3973123210174015	0.001389411394940062	0.37587152724053735	0.0006931333891454144	3.0954943064224007e-6	3.0949940483804284e-6
4.	63.04744164833544	0.2	0.009237581465920925	0.21464715745047583	0.3962342861911386	0.0013856211142244989	0.377794302555875	0.0006979652889632702	3.085312418763149e-6	3.0859334018695783e-6
4.	63.3371315796548	0.2	0.009202037433952995	0.21384042735674458	0.3951573570975164	0.0013818350899081546	0.37971247148238063	0.0007027978992281843	3.075160920725292e-6	3.07364026908008e-6
4.	63.62682151097416	0.2	0.009166652660672946	0.2130370230927326	0.39408157681851236	0.0013780534651204694	0.3816260020797098	0.0007076311207516469	3.0650398356709933e-6	3.060762500117775e-6
4.	63.91651144229351	0.2	0.009131426295742063	0.21223693127573018	0.3930069769815787	0.00137427634310291	0.38353487123557467	0.0007124648368862812	3.0549491718163156e-6	3.0530313852028534e-6
4.	64.20620137361287	0.2	0.009096357599484316	0.2114401402753453	0.3919335872893855	0.001370503820530589	0.38543906384034227	0.0007172989299945525	3.0448889572862238e-6	3.048244917369658e-6
4.	64.49589130493223	0.2	0.009061445858345875	0.2106466398806881	0.3908614452192804	0.0013667360214246302	0.3873385625888187	0.0007221332991737176	3.0348592415207116e-6	3.0371322685129876e-6
4.	64.78558123625159	0.2	0.00902669023411783	0.20985641692092918	0.3897905823863995	0.0013629730494621414	0.3892333450857421	0.0007269678355556596	3.024860028951375e-6	3.024487793601427e-6
4.	65.07527116757095	0.2	0.008992089890780356	0.20906945821366466	0.3887210299982793	0.0013592150070462115	0.39112338911151484	0.0007318024320937457	3.0148913214554398e-6	3.015346620893755e-6
4.	65.36496109889029	0.2	0.008957644016188388	0.20828575241947717	0.38765283088093483	0.001355462037352176	0.3930086676843242	0.0007366370063497584	3.004953150233874e-6	3.0059553735029e-6
4.	65.65465103020966	0.2	0.00892335190339498	0.20750528802391072	0.38658601091816125	0.0013517142244573554	0.39488916958890263	0.0007414714469347398	2.995045532029814e-6	2.99389423835672e-6
4.	65.94434096152901	0.2	0.00888921275789054	0.20672805191754526	0.38552059581401726	0.001347971651951087	0.3967648778934166	0.0007463056443661215	2.9851684602166725e-6	2.9843208131374865e-6
4.	66.23403089284837	0.2	0.008855225817813343	0.20595403209008226	0.38445661547554505	0.0013442344182550076	0.3986357755328034	0.0007511394996380913	2.9753219433084777e-6	2.977165862838582e-6
4.	66.52372082416773	0.2	0.008821390390214803	0.2051832180783592	0.3833941023462936	0.0013405026307918356	0.4005018487089592	0.0007559729213534063	2.965506010007008e-6	2.964924027903937e-6
4.	66.81341075548708	0.2	0.00878770567762527	0.20441559693301242	0.3823330838773081	0.0013367763796571653	0.40236307906556096	0.0007608058109977214	2.9557206509624667e-6	2.9522558382955033e-6
4.	67.10310068680644	0.2	0.008754170788197622	0.20365115493878608	0.38127359521463705	0.0013330557819767944	0.40421943713212644	0.0007656380879137301	2.9459658492390475e-6	2.948056362250817e-6
4.	67.39279061812579	0.2	0.008720785164144547	0.20288988286658716	0.38021565891797504	0.0013293409109924926	0.40607092357540936	0.000770469649175862	2.9362416384419894e-6	2.9389157155113033e-6
4.	67.68248054944516	0.2	0.008687548056245059	0.20213176843079586	0.379159300729881	0.001325631851194436	0.4079175239786808	0.0007753004004744053	2.926548011453117e-6	2.9265527284327852e-6
4.	67.9721704807645	0.2	0.008654458683694827	0.2013767985826398	0.3781045447647976	0.0013219286814972878	0.40975922243331026	0.0007801302465735422	2.9168849481680852e-6	2.916607486691536e-6
4.	68.26186041208386	0.2	0.008621516333098407	0.20062496179189182	0.3770514176509074	0.0013182314897181122	0.4115960062860141	0.0007849590998073877	2.9072524484807877e-6	2.9073485627306717e-6
4.	68.55155034340322	0.2	0.008588720305473217	0.19987624708113347	0.3759999484403883	0.0013145403722591839	0.41342786242996865	0.0007897868801313088	2.897650519375148e-6	2.8944906458328035e-6
4.	68.84124027472258	0.2	0.008556069782820922	0.19913064114743234	0.37495016465788816	0.0013108554202898386	0.4152547696952004	0.0007946135069820243	2.888079134082003e-6	2.8857893862310746e-6
4.	69.13093020604194	0.2	0.008523564105260744	0.19838813223353916	0.3739020830027492	0.001307176687238646	0.41707672459158324	0.0007994388794463892	2.8785382783724664e-6	2.880500182655954e-6
4.	69.42062013736128	0.2	0.008491202630215555	0.19764871002303736	0.3728557295293296	0.0013035042593432696	0.41889371954255444	0.0008042629185957228	2.869027961214521e-6	2.871096924095262e-6
4.	69.71031006868066	0.2	0.0084589846369613	0.1969123623360584	0.37181112647178566	0.001299838209585975	0.4207057432894814	0.0008090855397865389	2.8595481627213946e-6	2.859516340769641e-6
4.	70.	0.2	0.008426909387502644	0.1961790765461596	0.37076829490628876	0.001296178606998752	0.42251278377218104	0.0008139066581633762	2.8500988547030394e-6	2.8501227057886602e-6