3.	1.	0.2	0.	0.	0.	0.000042987229004600493	0.0921853089538811	0.000011810929425880839	0.0007185125133727941	0.9077598928876884
3.	1.06735	0.2	0.	0.	0.	0.000047317678107969497	0.10019557236361075	0.000014868009036255011	0.000716509112167081	0.899742241949245
3.	1.1347	0.2	0.	0.	0.	0.000051477525860964794	0.10888122302415407	0.000018395814469515146	0.000717782513740058	0.8910489036355155
3.	1.20205	0.2	0.	0.	0.	0.00005539634041194195	0.11810262560124637	0.000022402721492313474	0.0009056367219895132	0.8818195753368494
3.	1.2694	0.2	0.	0.	0.	0.00005901114860917319	0.12774023285681851	0.000026888248134077075	0.0013429389417806917	0.8721738677464382
3.	1.33675	0.2	0.	0.	0.	0.00006227030511458204	0.13769365251422286	0.000031844573095896865	0.0019661317419431374	0.8622122326075666
3.	1.4041000000000001	0.2	0.	0.	0.	0.00006512768159210912	0.1478644456417954	0.000037254092664047584	0.0027186233137193538	0.8520331725839484
3.	1.47145	0.2	0.	0.	0.	0.00006754293863810525	0.1581543921938525	0.00004308905018584516	0.003550659939189335	0.8417349758173236
3.	1.5388000000000002	0.2	0.	0.	0.	0.00006948170633712011	0.1684636685458665	0.000049311267944929376	0.004418861263093913	0.8314175384798514
3.	1.60615	0.2	0.	0.	0.	0.00007091564956033756	0.17868905627937504	0.00005587195953854736	0.00528568593192929	0.8211841561115261
3.	1.6735000000000002	0.2	0.	0.	0.	0.00007182234371042871	0.1887228845362681	0.00006271150227486877	0.006118903509311298	0.8111425816177467
3.	1.74085	0.2	0.	0.	0.	0.00007218456340381468	0.19845692291960249	0.00006975867673703241	0.006891054593095468	0.8014011338402567
3.	1.8082	0.2	0.	0.	0.	0.00007199074417108289	0.20777158782246194	0.00007693081852659982	0.007579053141483574	0.7920794906148404
3.	1.87555	0.2	0.	0.	0.	0.00007123388459864847	0.21654157288155879	0.00008413242106769295	0.008163695499596358	0.7833030608127749
3.	1.9429	0.2	0.	0.	0.	0.00006991144756297026	0.22462898756490357	0.00009125426685785266	0.008629289687691402	0.7752098467206756
3.	2.01025	0.2	0.	0.	0.	0.00006802473012329777	0.2318814074712351	0.00009817150978418037	0.008963262765391198	0.7679523962888575
3.	2.0776000000000003	0.2	0.	0.	0.	0.00006557849617126514	0.23812614953886355	0.00010474126694506246	0.009155822479398305	0.7617035306980201
3.	2.14495	0.2	0.	0.	0.	0.00006258063922668519	0.24316355540427428	0.00011079920324831172	0.009199651500688457	0.7566630647532507
3.	2.2123	0.2	0.	0.	0.	0.00005904200137503873	0.24675833347986553	0.00011615486250069909	0.009089650772268172	0.7530664696562588
3.	2.27965	0.2	0.	0.	0.	0.00005497651835069893	0.2486279683169657	0.00012058552680496354	0.008822764712859626	0.7511964696378786
3.	2.3470000000000004	0.2	0.	0.	0.	0.000050401890726351205	0.2484279503985762	0.00012382838394404125	0.008397930189538844	0.7513978193267534
3.	2.347	0.2	0.	0.	0.	0.00005040189072635118	0.24842795039857585	0.0001238283839451947	0.00839793018953884	0.7513978193267525
3.	2.3715401216290193	0.2	0.	0.	0.	0.00004861278589711372	0.2477603943815231	0.00012465530754771637	0.008204011564740857	0.752066337525032
3.	2.3960802432580386	0.2	0.	0.	0.	0.000046760413201555457	0.24673912136451226	0.00012526669256188424	0.007989373599553736	0.7530888515297243
3.	2.4206203648870583	0.2	0.	0.	0.	0.00004484629556478914	0.24533866426520767	0.00012564449214370841	0.007754198532480245	0.7544908449470838
3.	2.4451604865160776	0.2	0.	0.	0.	0.000042872167625586614	0.24353159088454865	0.00012576953423368837	0.007498726419278626	0.7562997674135921
3.	2.469700608145097	0.2	0.	0.	0.	0.00004084002018207732	0.24128850537533797	0.00012562151162370978	0.007223263892802284	0.7585450330928563
3.	2.4942407297741163	0.2	0.	0.	0.	0.000038752164705213536	0.23857798151110243	0.00012517904222508308	0.006928196498275009	0.7612580872819672
3.	2.518780851403136	0.2	0.	0.	0.	0.00003661130495190322	0.2353667447540526	0.00012441979556033917	0.00661400355246892	0.7644722241454351
3.	2.5433209730321553	0.2	0.	0.	0.	0.00003442062858409927	0.2316200295274284	0.00012332075358547078	0.006281277060357919	0.7682222290904019
3.	2.5678610946611746	0.2	0.	0.	0.	0.0000321839243292825	0.2273021943856573	0.00012185869280318824	0.005930745959977982	0.7725437629972103
3.	2.592401216290194	0.2	0.	0.	0.	0.000029905723984801274	0.22237791307308763	0.00012001101243656957	0.005563306444947405	0.777472170190491
3.	2.6169413379192137	0.2	0.	0.	0.	0.000027591476988505667	0.21681427001563464	0.0001177571410251641	0.005180059316370874	0.7830403813663517
3.	2.641481459548233	0.2	0.	0.	0.	0.00002524776759156745	0.21058428503514423	0.00011508096958677043	0.004782356796370902	0.7892753862276775
3.	2.6660215811772523	0.2	0.	0.	0.	0.000022882570169183537	0.20367332965005752	0.00011197511027109855	0.004371858649000446	0.7961918126695022
3.	2.6905617028062716	0.2	0.	0.	0.	0.00002050554973829787	0.19609077284282905	0.00010844873748605652	0.003950598710538107	0.8037802728699466
3.	2.7151018244352914	0.2	0.	0.	0.	0.0000181283856368893	0.18789271518423306	0.0001045430023200169	0.0035210582046770094	0.81198461342781
3.	2.7396419460643107	0.2	0.	0.	0.	0.000015765036410147577	0.17923115694648123	0.00010036445459082508	0.0030862299878072633	0.8206527135625178
3.	2.76418206769333	0.2	0.	0.	0.	0.000013431686588825833	0.17047519204896927	0.00009616915534814909	0.0026496213875035622	0.8294152071090938
3.	2.7887221893223493	0.2	0.	0.	0.	0.00001114519271029791	0.1625865860791979	0.00009262847147477564	0.0022149574978435047	0.837309640256617
3.	2.8132623109513686	0.2	0.	0.	0.	8.912747425547185e-6	0.1588365654062968	0.00009209993590251133	0.0017841123924075707	0.8410624219103752
3.	2.8378024325803883	0.2	0.	0.	0.	6.403925743748475e-6	0.20865022312744583	0.00012286747367311782	0.0012909262526391934	0.7912205054731373
3.	2.8623425542094076	0.2	0.	0.	0.	5.159930502667477e-6	0.11720760450142065	0.0000728901513012314	0.0010274260801053676	0.8827143454167754
3.	2.886882675838427	0.2	0.	0.	0.	3.616188787600075e-6	0.0725939710379868	0.00004404517570384158	0.0007249443000866899	0.9273583675975218
3.	2.9114227974674467	0.2	0.	0.	0.	2.210692671895623e-6	0.04110856274057241	0.00002465808246848641	0.00044611674348446907	0.9588645684842872
3.	2.9359629190964656	0.2	0.	0.	0.	1.092051156567689e-6	0.0191738105207296	0.000011427281971312399	0.00022179535641366017	0.9808136701461425
3.	2.9605030407254853	0.2	0.	0.	0.	3.614421761743301e-7	0.006055108609986887	3.595168005234436e-6	0.00007386914924948982	0.9939409347798317
3.	2.9850431623545046	0.2	0.	0.	0.	5.990983357407608e-8	0.0009640307578640232	5.711713505222616e-7	0.000012318712601770374	0.9990353381609519
3.	3.009583283983524	0.2	0.	0.	0.	4.6772536744938284e-7	0.007262711708365355	4.298736827106293e-6	0.00009674571612616296	0.99273252182944
3.	3.0341234056125437	0.2	0.	0.	0.	1.368181845812616e-6	0.02057044321165534	0.000012173258871382123	0.00028463699020219997	0.9794160153476275
3.	3.058663527241563	0.2	0.	0.	0.	2.7945259792860002e-6	0.040788353035844535	0.000024148303451519073	0.0005846524297208571	0.9591847041347247
3.	3.0832036488705823	0.2	0.	0.	0.	4.6928727652844385e-6	0.06663445950803479	0.00003948613811622352	0.0009872066766641872	0.9333213614810837
3.	3.1077437704996016	0.2	0.	0.	0.	6.971239899088842e-6	0.09645850290690894	0.000057233287639103534	0.0014743437319391106	0.9034772925655529
3.	3.132283892128621	0.2	0.	0.	0.	9.51579764911148e-6	0.12848789125874488	0.00007636069305331941	0.0020229962241232833	0.8714262322505527
3.	3.1568240137576407	0.2	0.	0.	0.	0.000012203659181877687	0.16099669859201027	0.00009586028051497315	0.002607622818709749	0.8388952374682929
3.	3.18136413538666	0.2	0.	0.	0.	0.000014913684973121535	0.1924301420282779	0.00011481700442078565	0.003202506540175403	0.8074401272823282
3.	3.2059042570156793	0.2	0.	0.	0.	0.000017534355385698438	0.22147942085267114	0.00013245300471645136	0.003783489447729697	0.7783705917872267
3.	3.230444378644699	0.2	0.	0.	0.	0.000019968286551598794	0.24710864881301703	0.0001481443767803522	0.0043290259812576	0.7527232385236511
3.	3.2549845002737183	0.2	0.	0.	0.	0.00002213368429647549	0.268543636307694	0.00016141583664751422	0.00482059242130229	0.731272814171362
3.	3.2795246219027376	0.2	0.	0.	0.	0.000023963471453170297	0.28523581269940657	0.00017192076008459663	0.005242590686946945	0.7145683030690557
3.	3.304064743531757	0.2	0.	0.	0.	0.000025402945278312424	0.29681407397912246	0.00017941384945514973	0.005581918867430989	0.7029811092261441
3.	3.3286048651607762	0.2	0.	0.	0.	0.000026406737891042147	0.30303442532197766	0.00018372218034841745	0.005827369866186481	0.6967554457597829
3.	3.353144986789796	0.2	0.	0.	0.	0.000026935683429393012	0.30373418671144237	0.00018471858401858057	0.005968988611134363	0.6960541590211097
3.	3.3776851084188153	0.2	0.	0.	0.	0.00002695405585151585	0.2987951432325733	0.00018229999625576782	0.005997491893319226	0.7009956027153195
3.	3.4022252300478346	0.2	0.	0.	0.	0.000026427611535902642	0.28811911053426403	0.00017637298768570435	0.005903851270905965	0.7116780888665144
3.	3.4267653516768544	0.2	0.	0.	0.	0.000025323018730744733	0.27162071347434735	0.00016684950992795742	0.005679175659091087	0.728187113996994
3.	3.4513054733058732	0.2	0.	0.	0.	0.000023609700784462615	0.24924627548204356	0.00015365855716834625	0.005315133890089494	0.7505764562600037
3.	3.475845594934893	0.2	0.	0.	0.	0.000021266029140252317	0.2210360793994833	0.00013678485071998587	0.004805368963719909	0.7788058697206565
3.	3.5003857165639123	0.2	0.	0.	0.	0.000018293385502658495	0.18726151033755647	0.00011635501131015352	0.004148726765903778	0.8126038412656307
3.	3.5249258381929316	0.2	0.	0.	0.	0.00001474385602104594	0.148687523247388	0.00009280558405408545	0.003355653430877895	0.8512049273125368
3.	3.5494659598219513	0.2	0.	0.	0.	0.000010768853443997436	0.10702032846014713	0.00006719975059302471	0.0024594989237256932	0.8929017029358158
3.	3.57400608145097	0.2	0.	0.	0.00020279459261387056	6.689587905946586e-6	0.06553111931813863	0.00004158510422858881	0.0015330437265522398	0.934217811397113
3.	3.59854620307999	0.2	0.	0.	0.0001383225186893888	3.07359944229281e-6	0.029686515732112527	0.00001893838211364759	0.0007067214200423437	0.9701531497676421
3.	3.6230863247090093	0.2	0.	0.	0.00003849648099346232	6.904028591252789e-7	0.00657635734919912	4.214603379599595e-6	0.00015926417174330415	0.9933802411635687
3.	3.6476264463380286	0.2	0.	0.	0.00002067897836790647	3.2018993976376034e-7	0.003008595063804112	1.9363271493315356e-6	0.00007409813849958273	0.9969684694407389
3.	3.6721665679670483	0.2	0.	0.	0.00016390296298291376	2.270389208827997e-6	0.021048813856021757	0.00001360187436730788	0.000527053224473354	0.9787714109174191
3.	3.6967066895960676	0.2	0.	0.	0.0004494223038875321	5.693235390847247e-6	0.05208968549753976	0.00003379236933086569	0.0013256812066580598	0.947421406593851
3.	3.721246811225087	0.2	0.	0.	0.000793022884740224	9.325722927758722e-6	0.08422300323611084	0.000054846433661380836	0.0021780121942729523	0.9149198017225597
3.	3.7457869328541067	0.2	0.	0.	0.001090321211674114	0.000012032423072695808	0.10728620190431414	0.00007012563493467719	0.0028183928931396264	0.8915413188260044
3.	3.7703270544831256	0.2	0.	0.	0.0012735504259869684	0.000013297957225140566	0.11708521593040862	0.00007681058374890394	0.0031237592357496067	0.8815511251026303
3.	3.7948671761121453	0.2	0.	0.	0.0013232776975694942	0.000013157892051059391	0.11442229849595674	0.00007533397860089508	0.0030995408784799607	0.8841659319358218
3.	3.8194072977411646	0.2	0.	0.	0.0012531275941065224	0.000011927434049949404	0.10246056458193327	0.000067698102026381	0.0028174189755723333	0.8962066822878838
3.	3.843947419370184	0.2	0.	0.	0.001092335149351796	9.99476949222402e-6	0.08482883337737707	0.00005624492314234589	0.002367261051656539	0.9140125917806365
3.	3.8684875409992037	0.2	0.	0.	0.0008750362201115045	7.724202870762374e-6	0.06478263822087661	0.000043102339025304055	0.001834307908981828	0.9342914990171158
3.	3.893027662628223	0.2	0.	0.00011111101494163647	0.0006352006855456284	5.425757285999953e-6	0.04497494242623246	0.00003002609077314143	0.0012918169654685771	0.954243294025221
3.	3.9175677842572423	0.2	0.	0.00045267623488893724	0.0004046845888101401	3.3536172764930057e-6	0.02747881647385216	0.000018407583191500007	0.0008004857986555229	0.9716420615019807
3.	3.9421079058862616	0.2	0.	0.0006549717041308165	0.00021209210762520556	1.7090135362076665e-6	0.013844310640004935	9.305206983879595e-6	0.0004089433822623924	0.985277611327719
3.	3.966648027515281	0.2	0.	0.0004972435327436608	0.00008045911350813246	6.316487767876531e-7	0.005059504836127579	3.4119657541562443e-6	0.00015151285744922742	0.9943587489030897
3.	3.9911881491443006	0.2	0.	0.00027173334361303095	0.000026073136202906385	1.9976895522953628e-7	0.0015824513795237825	1.0706695277664112e-6	0.000048032712889132685	0.9981184717021772
3.	4.0157282707733195	0.2	0.	0.0014241427855879118	0.00009012080866486284	6.749399205676901e-7	0.005288096840390673	3.589551610070266e-6	0.00016266315441559526	0.9931933750738259
3.	4.040268392402339	0.2	0.	0.005692617316119521	0.0002554247903563415	1.8724428780993703e-6	0.01451226278036708	9.882778735664125e-6	0.000452301246278964	0.9795279398915433
3.	4.064808514031359	0.2	0.	0.01568078903416043	0.0005257712573239285	3.7773543526826256e-6	0.028964463150274632	0.000019787909958080605	0.0009144979509119521	0.9548054112939303
3.	4.089348635660378	0.2	0.	0.03418744782177953	0.0008913484159607865	6.2830684650590715e-6	0.04767144553971028	0.00003267163025733013	0.0015244870897973026	0.917210803523827
3.	4.113888757289398	0.2	0.	0.06350328180513785	0.0013282033921438638	9.195292006691421e-6	0.06904259741785669	0.00004746738592570254	0.002235918887217365	0.8660692547069292
3.	4.1384288789184165	0.2	0.	0.10468224098399947	0.0018010191416715237	0.000012257449863128999	0.09109024439385477	0.0000628208105135647	0.0029868352230400545	0.8023514172200975
3.	4.162969000547436	0.2	0.	0.15705659263975838	0.002268956685256981	0.000015193536754649459	0.11176471181445913	0.0000773174764535157	0.003709993368229609	0.7288172278473174
3.	4.187509122176456	0.2	0.	0.2182688758261649	0.002693817457784454	0.000017761989989674807	0.1293493859334678	0.00008975662298496709	0.004346021829766353	0.6495804021696083
3.	4.212049243805476	0.2	0.	0.2848428393677212	0.0030474413105759566	0.00001979989226326698	0.14276255834080595	0.00009936501571862927	0.004854365407389165	0.569227996072915
3.	4.236589365434495	0.2	0.	0.3530262224470151	0.003315451521829932	0.00002124044897232922	0.15165082430411742	0.00010586901968499751	0.0052177877191523616	0.4918803922583803
3.	4.261129487063514	0.2	0.	0.4195386977930165	0.0034966016439806546	0.000022101870161106077	0.15627503749431298	0.00010942247341141518	0.005439875002579843	0.4205581387251174
3.	4.285669608692533	0.2	0.	0.4819931146106781	0.003599147344563747	0.000022459167791167146	0.15728336479911917	0.00011045371952051322	0.0055382839781721975	0.3569914603583272
3.	4.310209730321553	0.2	0.	0.5389730168659251	0.003636403934595305	0.00002241349157471098	0.1554803103536161	0.00010950687472291582	0.00553729401204453	0.30177834847956586
3.	4.334749851950573	0.2	0.	0.5898847093192763	0.003623056335402415	0.000022068488136646453	0.15165705964103324	0.00010712350914852137	0.005462008235766691	0.25470598270700284
3.	4.359289973579592	0.2	0.	0.6347228081014576	0.0035728048684010487	0.000021516399890964972	0.14649759310133761	0.00010377589856549884	0.005334904065802246	0.21508150163034723
3.	4.3838300952086104	0.2	0.	0.6738437517893986	0.003497231185927992	0.00002083231061462725	0.14054490695205032	0.00009984184211638508	0.005174370901061231	0.1819934359198921
3.	4.40837021683763	0.2	0.	0.7077895778099436	0.00340550236660986	0.000020073607750462683	0.13420391043060412	0.00009560522552089016	0.0049945325118895345	0.15448533055957112
3.	4.43291033846665	0.2	0.	0.737168443479926	0.00330453521459125	0.000019282063752862726	0.12776148645933422	0.00009126890554266454	0.004805722913255638	0.13165498387685295
3.	4.45745046009567	0.2	0.	0.7625826047160024	0.003199355256085442	0.000018486831443484075	0.12141145384220763	0.0000869713709946664	0.004615197637900135	0.11270112798326641
3.	4.481990581724689	0.2	0.	0.7845899359927004	0.0030934938944995	0.000017707417254336163	0.11527804173686286	0.00008280265443608726	0.0044278485425806886	0.09693801830424678
3.	4.506530703353708	0.2	0.	0.8036872957835771	0.0029893506248587372	0.00001695624106762478	0.10943545591130656	0.00007881771986563868	0.00424682361679878	0.08379212371932432
3.	4.531070824982727	0.2	0.	0.8203069949386798	0.0028884936271132574	0.000016240677148566854	0.10392310048789381	0.00007504695486214938	0.004074023699711733	0.07279012331430246
3.	4.555610946611747	0.2	0.	0.8348185695639257	0.0027918894882664005	0.00001556457041368955	0.0987566834070713	0.00007150386844489561	0.003910472858242148	0.06354578910187797
3.	4.580151068240767	0.2	0.	0.8475349972676042	0.0027000806061829173	0.000014929371816322559	0.09393636017760802	0.00006819077136000344	0.0037565969187309005	0.05574544180542855
3.	4.604691189869786	0.2	0.	0.858720085866226	0.0026133160686598275	0.00001433495350008108	0.08945246714582276	0.00006510280001763165	0.003612424197593993	0.04913469316577375
3.	4.629231311498805	0.2	0.	0.8685955952379535	0.0025316457400704193	0.000013780179313076459	0.0852894541962706	0.00006223069456821691	0.003477726524059518	0.04350729395182419
3.	4.653771433127824	0.2	0.	0.8773477969168202	0.0024549875110815677	0.000013263300845255276	0.08142855386781377	0.00005956269739134106	0.0033521175639814075	0.038695835706047885
3.	4.678311554756844	0.2	0.	0.8851332419182035	0.0023831748536485933	0.000012782228487811212	0.07784955805764239	0.00005708582883286888	0.0032351204427450548	0.03456415711318479
3.	4.702851676385864	0.2	0.	0.8920837019616107	0.0023159901037422357	0.000012334714055762829	0.07453197484016602	0.000054786727429924965	0.00312621357630634	0.031001211652995367
3.	4.727391798014883	0.2	0.	0.8983103406893616	0.0022531874961520407	0.000011918471439942376	0.07145576039696529	0.00005265218873039246	0.003024861186725593	0.027916140757350785
3.	4.751931919643902	0.2	0.	0.9039071848184834	0.0021945089037914227	0.000011531254262878891	0.06860176042138658	0.00005066949788385249	0.002930533141905406	0.02523434510419184
3.	4.776472041272921	0.2	0.	0.908954196457917	0.0021396942305517545	0.000011170902996782437	0.0659520067143255	0.000048826616803882244	0.002842717493392878	0.022894105077405108
3.	4.801012162901941	0.2	0.	0.9135193493323922	0.0020884886589443426	0.000010835374491057192	0.06348974557580137	0.00004711229341082033	0.002760927752297763	0.020844468764960197
3.	4.89262894023382	0.2	0.	0.927195141151111	0.0019252122139980334	9.77130128079372e-6	0.05570701252344091	0.00004168116668054167	0.0025014631200660424	0.015121181643488711
3.	4.984245717565699	0.2	0.	0.9370350670885484	0.0017978748145722181	8.945140523074869e-6	0.049680375329923206	0.000037460550835407	0.0023000616103373566	0.011440277075597645
3.	5.075862494897577	0.2	0.	0.9443247070610991	0.0016979204798295159	8.296010456396457e-6	0.044942030026517685	0.00003413047001365759	0.0021420146595804435	0.008992915952083687
3.	5.167479272229456	0.2	0.	0.9498581816817238	0.001618988730956529	7.780197517504587e-6	0.041163347402997305	0.00003146406824093566	0.002016713387897392	0.007320237918563975
3.	5.259096049561335	0.2	0.	0.9541489106278248	0.00155637344933012	7.366199414653365e-6	0.03811176248126591	0.000029299930603115826	0.0019164853961985888	0.006146287311561388
3.	5.350712826893214	0.2	0.	0.9575386207319212	0.0015065651687162349	7.031035282494334e-6	0.03562043924603884	0.00002752156175058285	0.0018357166887815342	0.005299822256290644
3.	5.442329604225092	0.2	0.	0.9602621270901652	0.0014669196502638722	6.757713493299035e-6	0.03356799455874234	0.00002604361282907529	0.0017702453664878756	0.004670157374506177
3.	5.533946381556971	0.2	0.	0.9624853464203129	0.0014354207808364636	6.533492609698159e-6	0.031864875717429776	0.000024802614224980652	0.0017169431512484704	0.004183020974586164
3.	5.62556315888885	0.2	0.	0.964328381148073	0.0014105126252122434	6.3486856409313384e-6	0.03044415290784484	0.00002375067887793148	0.001673426570055699	0.0037868539543510944
3.	5.717179936220729	0.2	0.	0.9658799903710403	0.0013909802284342906	6.1958309596394195e-6	0.029255226287868228	0.000022851178316112654	0.0016378560966200668	0.0034447561033813974
3.	5.808796713552608	0.2	0.	0.967206924327876	0.0013758643671351017	6.069110702586036e-6	0.028259468405545787	0.000022075734180717992	0.0016087948888365547	0.003129598054559774
3.	5.900413490884486	0.2	0.	0.968360102051812	0.0013643999468831247	5.963937441550306e-6	0.027427165590240703	0.00002140209555065989	0.001585108169188085	0.0028209663780719603
3.	5.992030268216365	0.2	0.	0.9693787946040678	0.0013559709699595597	5.876656488083796e-6	0.026735343055786884	0.000020812620066879586	0.0015658906042216722	0.0025032020936307554
3.	6.083647045548244	0.2	0.	0.9702777579397074	0.001350055294364808	5.8042343630898444e-6	0.026165774711907144	0.000020292802756919093	0.0015503880211894744	0.002180315016900653
3.	6.175263822880122	0.2	0.	0.9710590408795632	0.0013462136409274324	5.744161255998826e-6	0.02570414298973917	0.00001983082392633104	0.001537974665938632	0.0018650275045878836
3.	6.266880600212001	0.2	0.	0.9717413158911702	0.00134410904740185	5.6944940458218165e-6	0.025339926770790392	0.0000194173943463587	0.001528167437510809	0.0015495364022453904
3.	6.3584973775438804	0.2	0.	0.9723392061094986	0.001343461905494027	5.653632156898846e-6	0.025065174198438456	0.000019044854270298417	0.0015205681242860339	0.0012274593001416756
3.	6.4501141548757595	0.2	0.	0.9727605188016212	0.0013440837635205738	5.620436218511434e-6	0.024858772628400118	0.00001870872829740703	0.0015147812420448785	0.0010122956419422145
3.	6.5417309322076385	0.2	0.	0.9727916676973433	0.0013458832715005059	5.594229784547921e-6	0.024680978686577832	0.000018408127309324243	0.0015103791143884666	0.001157467987484527
3.	6.633347709539517	0.2	0.	0.9727521264237955	0.0013485652506999492	5.573535820241538e-6	0.024572781336099095	0.00001813309904114993	0.0015073165172606545	0.0013028203545440709
3.	6.724964486871396	0.2	0.	0.9726511994561532	0.0013519901230345467	5.557571216447028e-6	0.02453231142701598	0.000017879801951134774	0.001505397331056888	0.0014410616206287016
3.	6.816581264203275	0.2	0.	0.9724964104778065	0.0013560389300706498	5.545671101585489e-6	0.024558828134108146	0.00001764492031766753	0.0015044549311342959	0.0015655318665954016
3.	6.908198041535153	0.2	0.	0.9722936644983531	0.0013606097228398295	5.537267687810611e-6	0.024652634919586167	0.000017425560728234718	0.0015043469292270063	0.001670128030804876
3.	6.999814818867032	0.2	0.	0.9720473566172992	0.0013656145906527938	5.531873098153335e-6	0.024815033464030647	0.000017219168003379792	0.0015049508921575602	0.0017492442869157833
3.	7.091431596198911	0.2	0.	0.9717530870261175	0.0013709668210189077	5.5290234756184455e-6	0.02504812248699854	0.000017023342357496766	0.0015061494307192639	0.0018052713000319236
3.	7.18304837353079	0.2	0.	0.9714015967157179	0.0013765841292584754	5.528289532621381e-6	0.025354908374337588	0.000016835810292017525	0.001507833259383282	0.0018445466808613906
3.	7.274665150862669	0.2	0.	0.9709880243499383	0.001382399941849881	5.5293193385391155e-6	0.025739591005297244	0.000016654583786021762	0.0015099130606688299	0.0018678007997900634
3.	7.366281928194548	0.2	0.	0.9705061825618878	0.0013883539106922078	5.531797636048988e-6	0.026207502571677515	0.00001647780101984355	0.00151230859004948	0.0018759513570865728
3.	7.457898705526426	0.2	0.	0.9699484583622102	0.0013943905298590452	5.5354385515190145e-6	0.026765227799289137	0.000016303688983224886	0.0015149468215017916	0.0018700841811068562
3.	7.549515482858305	0.2	0.	0.9693056662268794	0.0014004578722932618	5.539979134187685e-6	0.027420768470207937	0.000016130529710961394	0.001517760292469354	0.0018514369217742348
3.	7.641132260190183	0.2	0.	0.9685668462199861	0.001406506398160842	5.5451734686087285e-6	0.028183760581660142	0.000015956628840799526	0.0015206855833366218	0.001821384997883483
3.	7.732749037522062	0.2	0.	0.9677189928115189	0.0014124877832507779	5.550787107665669e-6	0.02906575907221459	0.00001578028528380902	0.0015236618660391344	0.0017814292606243044
3.	7.824365814853941	0.2	0.	0.9667466982968159	0.0014183537177585193	5.556591594354275e-6	0.0300806066971107	0.000015599760890681988	0.0015266294611416156	0.001733184935829829
3.	7.91598259218582	0.2	0.	0.9656316828345574	0.0014240546115139225	5.562358795380949e-6	0.031244915486255187	0.000015413248880385952	0.001529528329477607	0.00167837145999776
3.	8.007599369517699	0.2	0.	0.9643519950037044	0.001429537864509013	5.567853699895139e-6	0.03257869158850804	0.00001521883751897264	0.0015322961292869065	0.0016189888520596885
3.	8.099216146849578	0.2	0.	0.962854908894661	0.0014347069703384949	5.572675249584271e-6	0.034105237820750894	0.00001501406724680816	0.0015348244057996402	0.0015845595717532482
3.	8.190832924181457	0.2	0.	0.9610126012952742	0.0014395060260558523	5.5765855335508484e-6	0.035847587432048106	0.000014797200590893472	0.0015370164584573376	0.001679931460497379
3.	8.282449701513336	0.2	0.	0.9588892994105532	0.0014438704245541085	5.579316691370254e-6	0.03784774742946081	0.000014565483205169969	0.0015388308004619358	0.0017989379355353094
3.	8.374066478845215	0.2	0.	0.9564617923683004	0.0014477371714081973	5.580610741667539e-6	0.04015206302797195	0.000014316341226856265	0.001540200183860042	0.0019185104803508962
3.	8.465683256177092	0.2	0.	0.9536881300779989	0.0014510258500260392	5.580145963068725e-6	0.042818577857054584	0.000014046830028832896	0.0015410372886145076	0.002022639238928571
3.	8.557300033508971	0.2	0.	0.9505092704545199	0.0014536299992106885	5.577504266556877e-6	0.045921832947696244	0.000013753483899962198	0.001541227887258581	0.0020959356104066074
3.	8.64891681084085	0.2	0.	0.9468424695652033	0.0014554061572607457	5.5721300122900465e-6	0.04955946212440911	0.000013432169569466395	0.0015406194095496253	0.002123657853545048
3.	8.74053358817273	0.2	0.	0.9425710124792889	0.0014561569764289085	5.5632666131966926e-6	0.05386243234019923	0.000013077887135184026	0.0015390033333484623	0.002091757050334604
3.	8.832150365504608	0.2	0.	0.9375275453481479	0.0014556039619334016	5.5498542389954935e-6	0.05901165748297765	0.000012684493330894034	0.0015360867662056452	0.001986958859371196
3.	8.923767142836486	0.2	0.	0.9314655364702696	0.0014533409636425592	5.530355318754358e-6	0.06526643845907891	0.000012244309063840879	0.001531443966376088	0.001796909442626296
3.	9.015383920168365	0.2	0.	0.9240076669083693	0.0014487502455686845	5.502439651868421e-6	0.07301669405278097	0.000011747565322557372	0.0015244288577854698	0.0015096387883065804
3.	9.107000697500244	0.2	0.	0.9145628360142725	0.0014408668443519747	5.462476560636663e-6	0.0828898069807901	0.000011181877951924167	0.0015140338672138555	0.0010898458060729088
3.	9.198617474832123	0.2	0.	0.9020207731912813	0.0014278872641504587	5.403685856839282e-6	0.09598387591717461	0.00001053046044171252	0.0014983765697076884	0.0005515294810951171
3.	9.290234252164002	0.2	0.	0.8841190549621079	0.0014061436843683538	5.31228759170744e-6	0.11452321153565294	9.772660888762775e-6	0.0014736300482815002	1.e-10
3.	9.38185102949588	0.2	0.	0.41615351407916223	0.0006534448225583145	2.464567111754785e-6	0.0690490738184866	4.256471806660346e-6	0.0006839353411370409	0.5141372462408745
3.	9.406924433874892	0.2	0.	0.3245964040563821	0.0005104234787003282	1.9242847967148973e-6	0.059279002428592215	3.2740792948352183e-6	0.0005340576639385121	0.6156089716722337
3.	9.431997838253903	0.2	0.	0.43935223728010714	0.0006918755347847807	2.6072061100621952e-6	0.0900435025002007	4.394913356004859e-6	0.0007236656688712424	0.46990538256544123
3.	9.457071242632916	0.2	0.	0.5309785974704722	0.0008373692024838097	3.1540948415901793e-6	0.12596763228635727	5.352926914356406e-6	0.0008755492015674445	0.3422078940189308
3.	9.482144647011927	0.2	0.	0.5715967194319476	0.0009027161436305911	3.3987640268842627e-6	0.1853003343463334	6.189634209537622e-6	0.0009435598072510057	0.24219064167985205
3.	9.507218051390938	0.2	0.	0.590742918102312	0.0009409152728363127	3.541065891811851e-6	0.22371402965028234	2.419894060935605e-6	0.0009755668558093537	0.1845961760146165
3.	9.532291455769949	0.2	0.	0.6652178095279576	0.0010610269807889503	3.9913998003029826e-6	0.1725576721834572	1.0032128718148158e-6	0.0010997518474751148	0.16115849669512416
3.	9.55736486014896	0.2	0.	0.6971777140897782	0.0011135594836191366	4.18725245266686e-6	0.16265702918902544	6.24767368647632e-7	0.001153836986747779	0.13904688521775588
3.	9.582438264527973	0.2	0.	0.7193429702845862	0.001150562263026087	4.324584227338073e-6	0.155588368974361	4.5762236948279116e-7	0.0011918042242340973	0.1239133162714299
3.	9.607511668906984	0.2	0.	0.735121723087846	0.0011774282165067105	4.423731436049663e-6	0.15007456349323164	3.825338849961533e-7	0.0012192534053534145	0.11362147893709468
3.	9.632585073285995	0.2	0.	0.7465882452339965	0.0011974414512218147	4.4970760550997845e-6	0.14547997083994324	3.602270146792851e-7	0.0012395942135895836	0.1067294851717687
3.	9.657658477665006	0.2	0.	0.7550144326002941	0.0012126159565379333	4.552211034216133e-6	0.14147323792963665	3.72652308431608e-7	0.0012549175837623346	0.10229478865018862
3.	9.682731882044017	0.2	0.	0.7611616387820921	0.0012241559910965108	4.593678001748566e-6	0.1379032088342536	4.098618616166764e-7	0.0012664740877950148	0.09970599285269446
3.	9.70780528642303	0.2	0.	0.7655248441006719	0.0012328436288372956	4.624427323734086e-6	0.13465597751137326	4.6571488709101755e-7	0.001275076073031915	0.09858124461690676
3.	9.73287869080204	0.2	0.	0.7684023645631068	0.0012391482143985265	4.64623182188189e-6	0.1316557606525534	5.360726256720075e-7	0.0012812115182842016	0.09869754426549365
3.	9.757952095181052	0.2	0.	0.7699533607792151	0.0012433170570438242	4.6600291158751054e-6	0.12884040188788728	6.179310120535334e-7	0.0012851382796323844	0.0999576423157259
3.	9.783025499560063	0.2	0.	0.7702148589242171	0.0012454017413445328	4.666021887971215e-6	0.12615155689756005	7.089312376629198e-7	0.0012869115695457443	0.10238280748375259
3.	9.808098903939074	0.2	0.	0.7690821989233838	0.0012452389159471108	4.663607387868231e-6	0.12352411905394178	8.070491220219024e-7	0.0012863617993480177	0.10614297245021745
3.	9.833172308318087	0.2	0.	0.7662741959889897	0.0012423490014800839	4.650999777580085e-6	0.12088060315917382	9.102133334034631e-7	0.0012829985237963679	0.11159729063724537
3.	9.858245712697098	0.2	0.	0.761182242825294	0.001235733196119671	4.624472701082975e-6	0.11810262725788359	1.0159632319092295e-6	0.0012757930007950302	0.11947375628476972
3.	9.883319117076109	0.2	0.	0.7525780827401792	0.0012233802560457853	4.576517817265648e-6	0.11498829498793058	1.1206506135004898e-6	0.00126267269258449	0.13120454484741367
3.	9.90839252145512	0.2	0.	0.7379185635342107	0.0012011282451927156	4.491595299216845e-6	0.11115131429939726	1.217715229936051e-6	0.0012393482834504414	0.1497232846106702
3.	9.933465925834131	0.2	0.	0.711709898565553	0.001159984596618507	4.336130648892812e-6	0.10578800142808505	1.2935153990743454e-6	0.001196552396821148	0.18133648576369552
3.	9.958539330213144	0.2	0.	0.662125326943098	0.0010805750612050138	4.037804699164823e-6	0.09720365436447291	1.317892785151564e-6	0.0011143221900227398	0.2395850879337397
3.	9.983612734592155	0.2	0.	0.5688416475087569	0.0009295417954749826	3.4721688945501144e-6	0.08254469739299143	1.2335584173190745e-6	0.0009583009579232849	0.34767940757546484
3.	10.008686138971166	0.2	0.	0.5044813544101823	0.0008254347474251024	3.0821766259052213e-6	0.07241264375799061	1.1863146043618203e-6	0.0008507338660968466	0.42227629859317173
3.	10.033759543350177	0.2	0.	0.6193008094340002	0.0010146042619954658	3.7871769999627724e-6	0.08798978724392854	1.572473010644386e-6	0.0010454094827031689	0.2916894394100651
3.	10.058832947729188	0.2	0.	0.6807238799875139	0.0011166594995281754	4.16663162621551e-6	0.09579214391184802	1.859019482064e-6	0.0011502443035470088	0.22236129095000157
3.	10.083906352108201	0.2	0.	0.7094295121306046	0.0011652285903298318	4.346324566109064e-6	0.09893351766468603	2.076371800737606e-6	0.001199943557372259	0.19046531891801272
3.	10.108979756487212	0.2	0.	0.7217245404564319	0.001186923789578118	4.425698103982551e-6	0.09979534689510705	2.256487602205534e-6	0.0012219506276999388	0.17728650667317683
3.	10.134053160866223	0.2	0.	0.7253880548907288	0.001194451834408551	4.45222141691294e-6	0.09950098567793307	2.4154455658135186e-6	0.0012293664979399256	0.17390963992994685
3.	10.159126565245234	0.2	0.	0.7236886412144403	0.0011931479464680481	4.445829386174933e-6	0.09852046727814998	2.559459785668969e-6	0.001227692772896925	0.1765907382717698
3.	10.184199969624245	0.2	0.	0.7176317674182564	0.0011846387573480291	4.412614814953599e-6	0.09700208009690231	2.688844785975155e-6	0.0012186100647934319	0.18417441226789238
3.	10.209273374003258	0.2	0.	0.7065430215267593	0.0011677828495834026	4.3483546219184245e-6	0.09486331022647554	2.7980263956406846e-6	0.0012009504355307097	0.1974187390161642
3.	10.23434677838227	0.2	0.	0.6872192262518501	0.0011372487344949612	4.23323409086607e-6	0.0916854747448983	2.8702149383363833e-6	0.0011692391764407328	0.2199509468197275
3.	10.25942018276128	0.2	0.	0.6505368474327113	0.0010778696430722467	4.010866353109741e-6	0.08627375281233826	2.8597062889823798e-6	0.0011078979817906978	0.2621046595392361
3.	10.284493587140291	0.2	0.	0.5750576856671378	0.0009539760025674187	3.5486705505540206e-6	0.07583456474061476	2.6556870265032057e-6	0.0009802962397272832	0.348147569232103
3.	10.309566991519302	0.2	0.	0.544415786407412	0.0009042447252477158	3.3625723721421244e-6	0.07141264428325056	2.6366524392729865e-6	0.0009289512874684602	0.3832613253592783
3.	10.334640395898315	0.2	0.	0.6125932783800663	0.0010187187393212325	3.7870279019726206e-6	0.07995354459248848	3.106289183210346e-6	0.0010462826623847544	0.30642756497103885
3.	10.359713800277326	0.2	0.	0.6351681908951828	0.0010575360446547447	3.930058901843487e-6	0.08250897532418408	3.3669923741993443e-6	0.001085871384199218	0.2812580006847023
3.	10.384787204656337	0.2	0.	0.6371497351662492	0.0010621110093820437	3.945795450557728e-6	0.08239875978697282	3.525788820676922e-6	0.0010902906511255413	0.27938192245312476
3.	10.409860609035348	0.2	0.	0.629609928575595	0.0010507987592146542	3.902528455486353e-6	0.081083326253914	3.63214532081545e-6	0.0010784047232777047	0.2882484117375001
3.	10.43493401341436	0.2	0.	0.6166554901221349	0.001030404621915322	3.825579901033676e-6	0.07910287618294007	3.703916194978548e-6	0.0010572082853141224	0.30320369957691373
3.	10.460007417793372	0.2	0.	0.5997925478432263	0.0010034162374931751	3.724213978648959e-6	0.07665569017803717	3.7465217955257843e-6	0.0010292599756112654	0.32254087500546913
3.	10.485080822172383	0.2	0.	0.5794770462523309	0.0009705743941773196	3.601201415023967e-6	0.07380276560802203	3.759957711131777e-6	0.0009953244064468672	0.34574225258634356
3.	10.510154226551395	0.2	0.	0.5555853825518337	0.0009316517903449039	3.4557183144154565e-6	0.07053025117830272	3.7407161093801487e-6	0.0009551728451445981	0.3729455180450949
3.	10.535227630930406	0.2	0.	0.5273150869072378	0.0008852805742493463	3.282712223566214e-6	0.06673815518856281	3.68038945777971e-6	0.0009074076767715696	0.4050545142282687
3.	10.560301035309418	0.2	0.	0.4920815012151841	0.0008270912481755232	3.0660094913447697e-6	0.06210232046014989	3.5568499470693445e-6	0.0008475566839764003	0.44498246421705206
3.	10.58537443968843	0.2	0.	0.4415515282691241	0.0007430211371691369	2.7535340107112344e-6	0.05557799296268106	3.3023360293605098e-6	0.0007612213246816606	0.5021214017609856
3.	10.61044784406744	0.2	3.6419527145080707e-9	0.3656411760846213	0.0006159933474402862	2.2821044085548037e-6	0.045910054921018684	2.8270428883432206e-6	0.0006309295653821217	0.5878276628576702
3.	10.635521248446452	0.2	0.00008622726842484447	0.35625116132055057	0.0006008639354373825	2.225393583257735e-6	0.044629054291740994	2.845216437030926e-6	0.0006152855248062447	0.5984276225738258
3.	10.660594652825463	0.2	0.00042876124579825257	0.3229596057474085	0.0005453367595199915	2.019145688333453e-6	0.04037316173316132	2.6622583387436977e-6	0.0005582923196842442	0.6356884531100848
3.	10.685668057204474	0.2	0.0010046075208124002	0.27908733394073765	0.00047179270580789034	1.7463338315785721e-6	0.034820862331912186	2.3728054848977465e-6	0.00048288646580339046	0.6846112843614134
3.	10.710741461583487	0.2	0.0016766312668570823	0.22976240281535476	0.00038885027940454924	1.4389065416139426e-6	0.028615558244162054	2.013319934606588e-6	0.0003978998376548456	0.7395531051677453
3.	10.735814865962498	0.2	0.0022445150192811326	0.17803263892434493	0.00030164302026493625	1.1158826675050056e-6	0.022136719506374636	1.6067594260221686e-6	0.0003085906484601679	0.7972817608876408
3.	10.760888270341509	0.2	0.0024990077275182008	0.12696699306799494	0.00021536372154503324	7.964780690825073e-7	0.015763728855560016	1.179445655815711e-6	0.0002202727399324237	0.8545529307036568
3.	10.78596167472052	0.2	0.002300332569520429	0.08029226869369803	0.00013634567987971135	5.041033853624808e-7	0.009955387871649676	7.672329829354561e-7	0.0001394212271271665	0.9073143938488838
3.	10.811035079099533	0.2	0.001672652494529533	0.04222149140447403	0.00007177695938504199	2.653023951885175e-7	0.0052287038083522	4.147586384724904e-7	0.00007337911484245243	0.9508046952722256
3.	10.836108483478544	0.2	0.0008698007540757569	0.01651308154299893	0.00002810356131230507	1.0384755327343532e-7	0.002042782966278208	1.6666748529175087e-7	0.000028724285637170263	0.9805459606602963
3.	10.861181887857555	0.2	0.0013366135979972636	0.019685364177826264	0.000033539482590300375	1.238999046940417e-7	0.002432914425315621	2.040279514761899e-7	0.00003427245963164182	0.9765112403884143
3.	10.886255292236566	0.2	0.003745419147074874	0.04387891619437556	0.00007484217727384063	2.764022833679237e-7	0.005418540419389036	4.667642340496979e-7	0.00007646046365245151	0.9468815388953693
3.	10.911328696615577	0.2	0.006906882025286635	0.06571323444343483	0.00011220673914688034	4.142815967459788e-7	0.008109130397288323	7.17085405996741e-7	0.00011460712327085275	0.9191574150278405
3.	10.936402100994588	0.2	0.008711854103537	0.06849477191199173	0.0001170838712274027	4.321715152458427e-7	0.008447420776583973	7.663746223835767e-7	0.00011956180179759399	0.9142276707905223
3.	10.9614755053736	0.2	0.007650213884207746	0.050447532191769937	0.00008632788868407285	3.1856159718594505e-7	0.006218712756495031	5.78477519888991e-7	0.00008813527243022925	0.9355963162397262
3.	10.986548909752612	0.2	0.0052599740537874855	0.029466400297210694	0.00005047866133661692	1.8622338902038037e-7	0.003631019207796299	3.461315824933293e-7	0.000051524081132841646	0.9615915954248974
3.	11.011622314131623	0.2	0.008582862326545355	0.0413043746581361	0.0000708344246722543	2.612496493952229e-7	0.00508843130275532	4.968091517736983e-7	0.00007228548958640927	0.9449527392290898
3.	11.036695718510634	0.2	0.01861742994144966	0.07772539647759842	0.00013343718734081447	4.92010098880033e-7	0.009573732109810601	9.568732328837863e-7	0.0001361408615403702	0.8939485554004687
3.	11.061769122889647	0.2	0.034269486114449944	0.1252001413736642	0.00021517034704777736	7.931698298401638e-7	0.015420422282576384	1.5769543041680587e-6	0.0002194822582173847	0.8248924097581277
3.	11.086842527268658	0.2	0.055019318262536816	0.177270091256604	0.0003049824207229708	1.1239475075845703e-6	0.021834404958312615	2.2835132867131094e-6	0.0003110267269593679	0.7455677956410294
3.	11.111915931647669	0.2	0.07980994434423655	0.22836317351489474	0.0003933011639354264	1.4490545250750843e-6	0.028131082166745328	3.007354546442874e-6	0.00040100939916403627	0.6632980424011163
3.	11.13698933602668	0.2	0.1074513569621233	0.2747656776899753	0.00047371765132842546	1.7448903810267029e-6	0.033854477828822845	3.697887513140143e-6	0.0004828984531080729	0.583449327089856
3.	11.162062740405691	0.2	0.13686499484770986	0.31456110584800684	0.0005428978820490904	1.999201720709713e-6	0.03876943964776444	4.324901816847887e-6	0.0005533014705567208	0.5092552376709323
3.	11.187136144784702	0.2	0.16717285608900123	0.3471382189304525	0.0005997492657749161	2.2079990287045524e-6	0.042801031973879154	4.874229665762322e-6	0.000611112730907137	0.4422810615121977
3.	11.212209549163715	0.2	0.19770514129543135	0.3726918865437777	0.0006445691972768204	2.3724123244916588e-6	0.045973163791505574	5.342479354977927e-6	0.0006566433898963537	0.382977524280329
3.	11.237282953542726	0.2	0.22797376724930604	0.39184657963326813	0.0006784004777586482	2.4963128917200348e-6	0.048362353088620864	5.73270847187329e-6	0.0006909634678791657	0.3311306705296827
3.	11.262356357921737	0.2	0.25763633446841194	0.40540929044743207	0.0007026069356854541	2.5847487243168582e-6	0.050067418841777345	6.051376766284689e-6	0.0007154689151267256	0.28617571318120255
3.	11.287429762300748	0.2	0.2864616725827617	0.41422249723281457	0.0007186199323066942	2.6430108340032798e-6	0.05119146604785673	6.3063895617940485e-6	0.0007316232049222457	0.2473967948038645
3.	11.312503166679761	0.2	0.3143009972506644	0.4190847990765162	0.0007278008027296262	2.676127241938922e-6	0.05183217653826881	6.505931221876145e-6	0.0007408172605843482	0.2140450442733572
3.	11.337576571058772	0.2	0.341065347977573	0.42071370151354026	0.0007313757258952309	2.68862396388425e-6	0.052077267751193854	6.657822898233962e-6	0.000744303264933418	0.18540296058493563
3.	11.362649975437783	0.2	0.36670860632700925	0.4197329719970925	0.0007304129599637417	2.6844420333718335e-6	0.0520029599257338	6.7692078710832724e-6	0.0007431716548852661	0.16081559514029625
3.	11.387723379816794	0.2	0.39121499876008725	0.4166733507380138	0.0007258232152772443	2.666939645177424e-6	0.05167407626430259	6.846431384278144e-6	0.000738351678637453	0.13970223765128964
3.	11.412796784195805	0.2	0.4145900165554686	0.41197984440291724	0.0007183715212312074	2.6389365029592444e-6	0.05114494568058778	6.895029824332045e-6	0.0007306236394171821	0.12155728787346791
3.	11.437870188574816	0.2	0.4368538612585556	0.406021702918984	0.0007086938607578158	2.602775598993965e-6	0.050460631293647716	6.919776968344251e-6	0.0007206359697696283	0.1059455881154876
3.	11.46294359295383	0.2	0.45803646524567876	0.3991027076338919	0.000697314924213814	2.5603890039972162e-6	0.049658167273904257	6.9247565931827174e-6	0.0007089233366230498	0.0924958597767141
3.	11.48801699733284	0.2	0.4781728019168477	0.3914701175790948	0.0006846651814014076	2.513361050531797e-6	0.04876753813278247	6.91344421060403e-6	0.0006959237476329188	0.08089545038461256
3.	11.513090401711851	0.2	0.4973056709768415	0.3833283274769218	0.0006710952987966356	2.462981675783614e-6	0.047813877994285575	6.888782672311684e-6	0.0006819949375255645	0.07087167648880638
3.	11.538163806090862	0.2	0.5154783914130923	0.37484145939352764	0.0006568903547216507	2.410298941387651e-6	0.046817200117115196	6.853261425340025e-6	0.000667427066238681	0.06219679516117651
3.	11.563237210469875	0.2	0.5327353815995186	0.36614185876607924	0.0006422808403353583	2.3561596837459594e-6	0.045793643107166125	6.808980998659677e-6	0.000652454608318892	0.05467767054621826
3.	11.588310614848886	0.2	0.5491212391640186	0.3573356961357236	0.0006274522123261415	2.301244791889979e-6	0.04475615562178798	6.757711149720766e-6	0.0006372661124324189	0.04815039791020214
3.	11.613384019227897	0.2	0.5646800807258704	0.3485076386600635	0.0006125528710958937	2.2460986598978828e-6	0.04371506710499516	6.700941088760995e-6	0.0006220123497978698	0.04247571359822637
3.	11.638457423606908	0.2	0.5794550727086667	0.3397247239974734	0.0005977007858933959	2.1911536359666623e-6	0.04267856054526385	6.6399224711336555e-6	0.000606813078771339	0.03753511088659558
3.	11.66353082798592	0.2	0.5934881033306163	0.33103956082431857	0.000582988975639849	2.136750241918462e-6	0.0416530628986451	6.575705982604328e-6	0.0005917626395101446	0.03322757151455565
3.	11.68860423236493	0.2	0.6068195596789192	0.32249296683183204	0.000568490032360227	2.0831538553492514e-6	0.04064356666168562	6.509172359452635e-6	0.0005769345701200084	0.029466824468988122
3.	11.713677636743943	0.2	0.6194881833832008	0.3141161399208436	0.0005542598490506923	2.0305684533400904e-6	0.03965389428739621	6.441058632525429e-6	0.0005623854099136516	0.026179050932422843
3.	11.738751041122955	0.2	0.6315309850497433	0.3059324435686839	0.0005403406891558364	1.9791479251490333e-6	0.03868691566158582	6.371980303381656e-6	0.0005481578301162774	0.023300963902602702
3.	11.763824445501966	0.2	0.6429832030078965	0.29795887434011653	0.0005267637130086805	1.9290053803948687e-6	0.03774472655319031	6.30245007712516e-6	0.0005342832099860677	0.020778200930330476
3.	11.788897849880977	0.2	0.6538782950159114	0.29020726771137983	0.0005135510566754724	1.8802208055137702e-6	0.03682879532519212	6.2328936845784435e-6	0.0005207837559303283	0.018563977776351014
3.	11.81397125425999	0.2	0.6642479546832054	0.28268528880153004	0.0005007175424909113	1.8328473614472336e-6	0.03594008327389477	6.163663253430126e-6	0.0005076742446556168	0.016617959188263975
3.	11.839044658639	0.2	0.6741221459300812	0.2753972461805298	0.0004882720862968247	1.786916562724046e-6	0.035079143593111074	6.095048612633709e-6	0.0004949634567887417	0.014905310244805715
3.	11.864118063018012	0.2	0.6835291507331817	0.2683447602981061	0.0004762188551822293	1.7424425366057482e-6	0.03424620243696822	6.027286858825135e-6	0.0004826553559301262	0.01339589794716635
3.	11.889191467397023	0.2	0.6924956260281492	0.26152731222124254	0.00046455821956729507	1.6994255241705872e-6	0.033441225632744674	5.960570456097917e-6	0.00047075005792349334	0.012063617902316026
3.	11.914264871776034	0.2	0.7010466670515744	0.2549426939704807	0.00045328753601788153	1.6578547576372133e-6	0.03266397322549198	5.895054102131435e-6	0.0004592446274994327	0.010885825307575328
3.	11.939338276155045	0.2	0.7092058745318293	0.2485873777271021	0.00044240179032646034	1.617710822927444e-6	0.0319140443532202	5.830860551305525e-6	0.0004481337324509246	0.009842853026147756
3.	11.964411680534058	0.2	0.7169954241753518	0.2424568182794893	0.0004318941254655884	1.578967598242611e-6	0.03119091385080475	5.768085558882051e-6	0.0004374101804578982	0.008917602515731433
3.	11.989485084913069	0.2	0.7244361368497086	0.23654570035933856	0.00042175627437598007	1.5415938422857263e-6	0.03049396230605675	5.706802080741893e-6	0.00042706535893523675	0.008095195814597032
3.	12.01455848929208	0.2	0.7315475500040735	0.23084814103069196	0.0004119789150591798	1.505554496519737e-6	0.029822500537141684	5.647063855273979e-6	0.0004170895957233302	0.007362676894681938
3.	12.03963189367109	0.2	0.7383479897792388	0.22535785504521458	0.00040255196156782104	1.4708117515702619e-6	0.029175789709440233	5.58890846387513e-6	0.00040747245448779503	0.006708753784323153
3.	12.064705298050104	0.2	0.7448546279465513	0.22006828510009283	0.0003934647939099657	1.437325889154861e-6	0.02855305704819124	5.532359836420701e-6	0.0003982029679693596	0.0061235954255290555
3.	12.089778702429115	0.2	0.7510835519436433	0.21497271152317482	0.0003847064524417111	1.4050559932808535e-6	0.02795350917997566	5.4774304919439784e-6	0.0003892698350440894	0.005598638414279294
3.	12.114852106808126	0.2	0.7570498283460898	0.21006433943331565	0.0003762657930038107	1.3739605172406708e-6	0.02737634270825696	5.42412341882688e-6	0.00038066157785488386	0.0051264256353977
3.	12.139925511187137	0.2	0.7627675629866218	0.20533636827858803	0.0003681316113245896	1.343997737732929e-6	0.026820752647863308	5.372433671203477e-6	0.00037236666768721623	0.004700468044193277
3.	12.164998915566148	0.2	0.7682499583503426	0.20078204704723182	0.00036029274239299914	1.3151261170960678e-6	0.02628593910997658	5.322349728667282e-6	0.0003643736253986086	0.004315125274210241
3.	12.190072319945159	0.2	0.773509368129944	0.1963947176614952	0.00035273813914124465	1.2873045896257182e-6	0.025771112611918525	5.273854654036754e-6	0.00035667110082283714	0.003965502298257404
3.	12.215145724324172	0.2	0.7785573490290467	0.19216784867254783	0.0003454569341060615	1.260492785473377e-6	0.025275498144053707	5.22692707925035e-6	0.00034924793488542993	0.0036473598003809587
3.	12.240219128703183	0.2	0.7834047097331379	0.188095060961125	0.00033843848702249686	1.2346512029916412e-6	0.024798338331704542	5.181542043899352e-6	0.00034209320743838946	0.003357036293763157
3.	12.265292533082194	0.2	0.7880615571929582	0.18417014690426806	0.00033167242088724924	1.209741338852487e-6	0.02433889575763106	5.137671708403662e-6	0.00033519627339632403	0.0030913803112081507
3.	12.290365937461205	0.2	0.7925373402336593	0.18038708418357116	0.0003251486485347201	1.1857257834482642e-6	0.023896454667226615	5.095285959639055e-6	0.00032854678925322564	0.002847691255265121
3.	12.315439341840218	0.2	0.7968408906082768	0.17674004523014608	0.00031885739145968625	1.1625682879449569e-6	0.02347032214034634	5.054352924647891e-6	0.00032213473174362643	0.002623667708558524
3.	12.340512746219229	0.2	0.8009804616092011	0.1732234031280728	0.000312789192320666	1.1402338082537164e-6	0.02305982881933394	5.014839405881885e-6	0.00031595041010637264	0.002417362177857346
3.	12.36558615059824	0.2	0.8049637643141505	0.1698317346482111	0.0003069349222981496	1.1186885302307353e-6	0.022664329310230956	4.976711248933998e-6	0.00030998447314464734	0.002227141405330098
3.	12.390659554977251	0.2	0.808798001614796	0.16655982098322827	0.00030128578430807794	1.0978998797752469e-6	0.022283202287431098	4.939933652781762e-6	0.00030422791209862375	0.002051651496704013
3.	12.415732959356262	0.2	0.8124899001077797	0.1634026466423033	0.0002958333128750415	1.0778365207757441e-6	0.02191585039838027	4.9044714305008854e-6	0.00029867206014788503	0.0018897872307104303
3.	12.440806363735273	0.2	0.8160457400090493	0.160355396900827	0.00029056937136131015	1.0584683434550792e-6	0.0215616999587647	4.870289227966817e-6	0.000293308589250178	0.0017406650024262664
3.	12.465879768114286	0.2	0.8194713831473867	0.1574134541117545	0.00028548614709220116	1.0397664450943812e-6	0.02122020054832417	4.837351706084131e-6	0.00028812950486501647	0.0016035989272912936
3.	12.490953172493297	0.2	0.822772299199704	0.15457239315207275	0.0002805761448620481	1.0217031049078348e-6	0.020890824472914148	4.805623692221319e-6	0.00028312713905312485	0.0014780797036499718
3.	12.516026576872308	0.2	0.8259535902424476	0.15182797621391034	0.00027583217919243606	1.0042517544277107e-6	0.02057306616028007	4.775070305074154e-6	0.0002782941423284154	0.0013637558821100147
3.	12.54109998125132	0.2	0.8290200137387592	0.14917614712110316	0.00027124736566486575	9.873869445767843e-7	0.020266441490910607	4.745657056934961e-6	0.00027362347458873644	0.001260417239560635
3.	12.566173385630332	0.2	0.8319760040494306	0.1466130253144229	0.0002668151115838922	9.710843103628943e-7	0.019970487093502277	4.717349936518988e-6	0.000269108395384497	0.0011679799968134265
3.	12.591246790009343	0.2	0.8348256925668832	0.14413489962489026	0.00026252910618528453	9.553205339780321e-7	0.01968475961397251	4.69011547532824e-6	0.00026474245374207543	0.001086473652059411
3.	12.616320194388354	0.2	0.8375729265671461	0.14173822193216432	0.0002583833105643795	9.400733069399608e-7	0.019408834961595414	4.663920799933555e-6	0.00026051947771892075	0.0010160292344229133
3.	12.641393598767365	0.2	0.8402212868475765	0.13941960078254206	0.0002543719474600326	9.253212917688288e-7	0.019142307563773314	4.6387336722766125e-6	0.0002564335638269482	0.0009568688036840807
3.	12.931083530086722	0.2	0.8645597647732336	0.11734446656676885	0.0002161570735249133	7.848223570792258e-7	0.016630920157264608	4.411058524384501e-6	0.00021751362346940045	0.0012434955483265654
3.	13.220773461406079	0.2	0.8807002577136921	0.10174497330192012	0.0001891602463168678	6.855933247081027e-7	0.014904356630646045	4.279620225713856e-6	0.00019001765160463462	0.0024562868938744625
3.	13.510463392725436	0.2	0.8935085469393378	0.09059722315575774	0.00016994471838505088	6.149365706922995e-7	0.013728235120016691	4.229542978234286e-6	0.00017043167484535402	0.0019912055869537974
3.	13.800153324044793	0.2	0.903631961983281	0.08237137851672534	0.0001558507096649701	5.630720999852722e-7	0.012917654683744288	4.23858313252739e-6	0.00015604893301247275	0.000918352451351901
3.	14.08984325536415	0.2	0.9109301026951486	0.07608951388216939	0.00014516728874784885	5.237200271124695e-7	0.012351842573614453	4.289675679452034e-6	0.0001451304948818878	0.0004785601646131194
3.	14.379533186683506	0.2	0.9162919579736131	0.0712149871115783	0.00013696398314998962	4.934589284027417e-7	0.011966922768528482	4.375698404371638e-6	0.00013672898098529606	0.0003842990057973828
3.	14.669223118002863	0.2	0.9204388237281198	0.0673900393911915	0.00013061966650441175	4.700058161459974e-7	0.011720589094674501	4.492014215042031e-6	0.00013021214882530664	0.00031496609947860577
3.	14.95891304932222	0.2	0.9236695363132575	0.06434882209242129	0.00012566939517566608	4.516553261869141e-7	0.0115803668213688	4.634240043763105e-6	0.00012510743045587955	0.00027051948240674854
3.	15.248602980641577	0.2	0.9262035321248493	0.0619033932559671	0.00012178218180638427	4.3719444232313045e-7	0.011523193518360219	4.799071709860403e-6	0.00012107885766501761	0.00024286265286481944
3.	15.538292911960934	0.2	0.928208388001378	0.059918163400421616	0.00011871708314064593	4.257408721473144e-7	0.01153239336091815	4.983955815392528e-6	0.00011788227855147989	0.0002169284574541023
3.	15.82798284328029	0.2	0.9297966100263965	0.058292257106917274	0.00011629497249710405	4.1663923725295055e-7	0.01159528192527867	5.18685470906294e-6	0.00011533616498188035	0.0001939524749641694
3.	16.117672774599647	0.2	0.9310519597041299	0.05694997980283722	0.00011438092028953331	4.093962340870579e-7	0.011702190570883203	5.40613225343894e-6	0.00011330388036417081	0.0001756734733726114
3.	16.407362705919002	0.2	0.9320429946022095	0.055834028509752005	0.00011287247676338107	4.0363751732028595e-7	0.011845692691882143	5.640486731696505e-6	0.00011168173864664543	0.00015836759514393887
3.	16.69705263723836	0.2	0.9328123298343104	0.05489960487892098	0.00011169008175769451	3.990725822039752e-7	0.012019732744568964	5.8888292011567974e-6	0.00011038912148211277	0.00015035455865860387
3.	16.986742568557716	0.2	0.9334031827034054	0.054112443885177025	0.0001107713792597038	3.9547388052681656e-7	0.012219748146821328	6.150249989423564e-6	0.00010936312935591674	0.00014730816146660622
3.	17.276432499877075	0.2	0.9338512192059801	0.05344566437985843	0.000110067304830616	3.9266244015699537e-7	0.01244209389022702	6.423994363027223e-6	0.00010855429941233587	0.00014413856230061257
3.	17.56612243119643	0.2	0.9341826762695009	0.05287779156758686	0.0001095388433559068	3.9049599573722157e-7	0.012683751653959007	6.709426960397552e-6	0.0001079232677781628	0.0001391417426411818
3.	17.85581236251579	0.2	0.9344165748672774	0.052391533321105195	0.00010915447639697663	3.8885966774674135e-7	0.012942219402850376	7.005994552261805e-6	0.00010743825467816653	0.00013312307815008077
3.	18.145502293835143	0.2	0.9345684089165509	0.05197297127592386	0.00010888879185254021	3.876608467744766e-7	0.013215429596191562	7.313226833688878e-6	0.00010707364631402363	0.00012660053180066355
3.	18.435192225154502	0.2	0.9346464124510585	0.05161056653611603	0.00010872139255712134	3.8682518249285313e-7	0.013501514032747458	7.63073547089952e-6	0.00010680875920564734	0.00012476802686749514
3.	18.724882156473857	0.2	0.9346658552966552	0.05129542201315065	0.00010863526764933579	3.862906932744566e-7	0.013799180335931404	7.95816814864113e-6	0.0001066265915933712	0.0001225626277714508
3.	19.014572087793216	0.2	0.9346343962724865	0.05101996368868852	0.00010861635792524935	3.860061517299708e-7	0.01410721935391331	8.295211810981668e-6	0.0001065130180874642	0.00012112310902375259
3.	19.30426201911257	0.2	0.9345597648200175	0.05077803089734625	0.00010865330866763994	3.859301501460793e-7	0.0144246210602929	8.641613714359193e-6	0.00010645661643714906	0.00011990236981124919
3.	19.59395195043193	0.2	0.934449118738643	0.050564567794481444	0.00010873682728444127	3.860287728596508e-7	0.014750537192473616	8.997165561613888e-6	0.00010644803474646383	0.00011765625278302438
3.	19.883641881751284	0.2	0.9343064710379272	0.0503752670949268	0.00010885905734216962	3.862733394404748e-7	0.015084202276857727	9.361677856442366e-6	0.00010647935646832645	0.00011545258175023505
3.	20.17333181307064	0.2	0.9341325611832874	0.050206388389457055	0.00010901349945890659	3.866400980700739e-7	0.015424869680157955	9.734557713626851e-6	0.00010654397075002487	0.00011704604982702704
3.	20.463021744389998	0.2	0.9339364167436786	0.05005527370279793	0.00010919483548913153	3.8710957997035574e-7	0.015772144557031787	0.000010115680637063941	0.00010663660851804277	0.00011646737078556402
3.	20.752711675709357	0.2	0.9337199650248439	0.04991937452834928	0.00010939834886202558	3.876645270175517e-7	0.016125543567464564	0.000010505153669604578	0.00010675253151302206	0.00011482571228361299
3.	21.04240160702871	0.2	0.9334843861868322	0.049796518643789214	0.00010962003274957293	3.8829026296605854e-7	0.016484641043761922	0.000010902839330862077	0.00010688771246125474	0.0001135429632733026
3.	21.332091538348067	0.2	0.9332325168921998	0.0496849666015115	0.00010985673829289157	3.8897520694972966e-7	0.016849097449510388	0.000011308638558729645	0.00010703897680540373	0.0001118647047197753
3.	21.621781469667425	0.2	0.932965396481246	0.0495831659360524	0.00011010578829873695	3.897094951479199e-7	0.017218542631886758	0.000011722462384854467	0.00010720359985402811	0.00011067699063611186
3.	21.911471400986784	0.2	0.932682827277541	0.04948973771116628	0.00011036479884690716	3.9048434228857657e-7	0.017592668159803704	0.000012144219890590544	0.00010737915722961788	0.00011186734840919546
3.	22.20116133230614	0.2	0.9323883890274497	0.049403712763529777	0.00011063179871923817	3.9129245863027523e-7	0.017971322028401345	0.000012573837488552449	0.00010756370413911766	0.00011297925195276684
3.	22.490851263625494	0.2	0.9320842016146299	0.04932420529463669	0.00011090522678966842	3.9212803517328645e-7	0.01835432646179112	0.000013011262430660024	0.00010775566027397379	0.00011295801168677636
3.	22.780541194944853	0.2	0.9317708175397962	0.04925038716846799	0.00011118361479950439	3.9298561745148334e-7	0.018741504134765174	0.000013456432117934818	0.00010795354135565131	0.00011225812443576774
3.	23.07023112626421	0.2	0.931448552227155	0.04918153667074545	0.00011146570199318756	3.9386050789577275e-7	0.019132699088344106	0.000013909289446097914	0.00010815606971174153	0.00011144316180831254
3.	23.359921057583566	0.2	0.9311177131626778	0.04911702897707828	0.00011175057773103375	3.9474926656243437e-7	0.019527663639653078	0.000014369803805184745	0.00010836228738333229	0.0001110790897880902
3.	23.64961098890292	0.2	0.930778929182913	0.04905634619084611	0.00011203734138838322	3.956485066420496e-7	0.01992628133529395	0.000014837933643354911	0.00010857128171937866	0.00011117236740850953
3.	23.93930092022228	0.2	0.9304330821359982	0.04899905921943155	0.00011232514245273721	3.9655503457277626e-7	0.020328472549559058	0.000015313631448247644	0.00010878221201360253	0.00011135076607565395
3.	24.22899085154164	0.2	0.9300805019850035	0.04894476901737292	0.0001126133160528349	3.974663268825466e-7	0.020734131048036775	0.000015796862292508683	0.00010899439966730413	0.00011179030491460448
3.	24.518680782860994	0.2	0.9297224154765894	0.04889317676938682	0.00011290141415118194	3.983806382716559e-7	0.021143182801704515	0.000016287612172368016	0.00010920737802104807	0.00011163754535743406
3.	24.80837071418035	0.2	0.929358965848234	0.048843972104973085	0.00011318895122921939	3.992961025379368e-7	0.0215555428535458	0.000016785854371493454	0.00010942064574977804	0.00011114509154390093
3.	25.098060645499707	0.2	0.9289889639793212	0.0487968104534424	0.00011347551358606744	4.002111173860485e-7	0.021971106321572363	0.00001729156449430675	0.00010963374808616142	0.00011195195646630102
3.	25.387750576819066	0.2	0.9286143423678351	0.04875155123831906	0.00011376085415922609	4.011246777050165e-7	0.022389827859063585	0.000017804738441950174	0.00010984643744731869	0.00011231181750333621
3.	25.67744050813842	0.2	0.9282355261093148	0.0487080027945629	0.00011404464455347575	4.020355000662854e-7	0.022811660356884964	0.00001832535449562357	0.00011005838204352085	0.00011203870468816032
3.	25.967130439457776	0.2	0.927852104369019	0.048665953685065655	0.00011432655752849977	4.0294231317407586e-7	0.023236533453499707	0.000018853385047821265	0.00011026924407017196	0.00011182560752614687
3.	26.256820370777135	0.2	0.9274642767522735	0.04862524641006495	0.00011460638642340522	4.038442781240954e-7	0.023664396786040917	0.00001938881690594374	0.00011047880288293507	0.00011168100401316369
3.	26.54651030209649	0.2	0.9270727150793162	0.04858576723416974	0.0001148840234436633	4.0474091096457627e-7	0.02409523041763891	0.00001993164998430585	0.000110686933706583	0.00011106685453620216
3.	26.836200233415845	0.2	0.9266760043164491	0.04854730647171312	0.00011515928579573205	4.056314694957409e-7	0.024528915903243912	0.000020481867793543353	0.00011089341683427483	0.00011172652353505508
3.	27.125890164735203	0.2	0.9262753025566745	0.04850981054260774	0.0001154320236281553	4.0651533326496903e-7	0.024965459626881882	0.000021039457474224023	0.00011109811416437027	0.00011254927740028675
3.	27.415580096054562	0.2	0.9258713748459825	0.048473214994000154	0.00011570220070636811	4.0739228714463583e-7	0.02540484524548276	0.000021604423538949164	0.00011130097632031186	0.00011285089800214601
3.	27.705270027373917	0.2	0.925464216235382	0.04843742600164254	0.00011596971522684003	4.082618898283782e-7	0.025847038106494493	0.000022176756664613554	0.00011150189010500701	0.0001127649226996888
3.	27.994959958693272	0.2	0.9250535937811731	0.048402347569401934	0.0001162344578882719	4.0912367813631296e-7	0.026292006074898865	0.000022756443587374566	0.00011170073537875097	0.00011265254937228852
3.	28.28464989001263	0.2	0.9246396508610538	0.04836791154856485	0.00011649640621970303	4.099774987156176e-7	0.02673971833247048	0.000023343485697083958	0.00011189747243968686	0.00011246938849534052
3.	28.57433982133199	0.2	0.9242220404315834	0.04833403058544862	0.00011675554677219904	4.108232337488575e-7	0.027190110630870686	0.000023937884902963616	0.00011209206205050354	0.00011271409718837874
3.	28.864029752651344	0.2	0.923801247930229	0.048300671634085204	0.00011701179013715989	4.1166050172388795e-7	0.027643192509553636	0.00002453962716624964	0.00011228442222397052	0.00011292484832703051
3.	29.153719683970703	0.2	0.9233771067762898	0.04826777138574317	0.00011726507678804944	4.1248902973053583e-7	0.0280989358163831	0.000025148702060191646	0.00011247448457953254	0.00011335975370595219
3.	29.443409615290058	0.2	0.9229501497941062	0.048235308333525996	0.00011751544780605821	4.133089019199784e-7	0.028557340184004923	0.000025765119405237195	0.0001126622773033518	0.00011350781224969686
3.	29.733099546609417	0.2	0.9225203708723496	0.0482032374415081	0.00011776288675744523	4.14120003014062e-7	0.029018382806380943	0.000026388876248044046	0.00011284777339171066	0.00011344299675283831
3.	30.02278947792877	0.2	0.9220873586437313	0.04817149589938591	0.00011800737128059994	4.149221996666298e-7	0.029482018114939664	0.000027019993048528604	0.00011303093465758113	0.00011368505541437327
3.	30.31247940924813	0.2	0.921651294804819	0.048140055996944583	0.00011824894297248545	4.157155860102813e-7	0.0299482270549589	0.000027658763993930123	0.0001132117872675164	0.0001140987207250907
3.	30.602169340567485	0.2	0.9212127500113092	0.0481089154940325	0.00011848760927861376	4.1650013848922614e-7	0.030417026122064292	0.00002830489219529151	0.0001133903385662596	0.00011409937098161294
3.	30.891859271886844	0.2	0.9207714105374378	0.04807802769193929	0.00011872332986188559	4.1727566789470623e-7	0.030888396550821637	0.000028958364531536277	0.00011356654125010163	0.00011406624973992266
3.	31.1815492032062	0.2	0.9203271441341292	0.04804735800834928	0.00011895609368629057	4.180420902332743e-7	0.03136231375227886	0.000029619173566098528	0.0001137403760755877	0.00011419079590004044
3.	31.471239134525554	0.2	0.9198803767477226	0.048016903360537246	0.00011918596755845438	4.187995971070021e-7	0.03183877753457903	0.000030287330616029616	0.00011391189818681571	0.00011405025938952124
3.	31.760929065844913	0.2	0.9194306413042818	0.04798661526727606	0.00011941295269836543	4.1954815151269643e-7	0.03231774681866251	0.000030962830354360086	0.00011408109323901535	0.00011420127857544177
3.	32.050618997164264	0.2	0.918977895038859	0.04795647063144482	0.00011963704380286996	4.2028769536693247e-7	0.032799213272521166	0.00003164566529113736	0.00011424795052288022	0.00011471806038567539
3.	32.34030892848362	0.2	0.9185226859451824	0.04792647936137517	0.00011985829324445215	4.2101837492719347e-7	0.033283193971002434	0.00003233584272553528	0.00011441251787280704	0.00011502556809510345
3.	32.62999885980298	0.2	0.9180650878434061	0.0478966275317725	0.00012007672702907699	4.2174024541230536e-7	0.03376968004943221	0.00003303336289026166	0.0001145748131818168	0.00011507274522441074
3.	32.91968879112234	0.2	0.9176049192518773	0.04786688929167158	0.00012029234132454707	4.224532587775869e-7	0.03425865562512428	0.00003373821744839176	0.00011473482580954426	0.00011508281929516889
3.	33.2093787224417	0.2	0.9171421730657942	0.04783724914977953	0.00012050515825605046	4.231574596170824e-7	0.03475011211499622	0.00003445040465085043	0.00011489256983381202	0.00011508694906358502
3.	33.49906865376106	0.2	0.9166767652537324	0.04780768779267772	0.00012071524117894819	4.2385303866679734e-7	0.03524402593085003	0.000035169934249882366	0.00011504809140164323	0.00011521199427233508
3.	33.78875858508041	0.2	0.9162087834978047	0.04777819772717687	0.0001209225858778196	4.245399506817824e-7	0.03574040060587908	0.00003589679706147447	0.0001152013859261091	0.00011537424624941811
3.	34.07844851639977	0.2	0.9157381404938818	0.047748762850038436	0.00012112718877275976	4.2521815392467777e-7	0.03623923005153126	0.000036630983176407184	0.00011535244623998502	0.00011568321444541119
3.	34.36813844771912	0.2	0.9152650868104888	0.04771938528393658	0.00012132910560181476	4.258878160866989e-7	0.036740518905132975	0.00003737250009553579	0.00011550131978747764	0.00011588150692821292
3.	34.65782837903848	0.2	0.9147896735017629	0.04769005751942679	0.00012152836802815655	4.26549021435691e-7	0.03724426586793384	0.000038121348310416774	0.00011564803098667719	0.00011592684551647858
3.	34.947518310357836	0.2	0.9143117877954048	0.047660764202729945	0.00012172498839166642	4.272017874767792e-7	0.037750459236735076	0.00003887752216032887	0.00011579258572886224	0.000115959052790722
3.	35.237208241677195	0.2	0.9138311431138627	0.04763148064976796	0.00012191900495960783	4.278462237267914e-7	0.03825906796444951	0.00003964102375832154	0.00011593500757526093	0.0001163203969781687
3.	35.52689817299655	0.2	0.913348295426531	0.047602228711947976	0.00012211046512837511	4.2848247268214576e-7	0.0387701267403625	0.00004041185899161015	0.00011607534404271931	0.00011639831456589783
3.	35.81658810431591	0.2	0.912863052470896	0.04757299083895617	0.00012229936633550477	4.2911050243945184e-7	0.039283626959549976	0.000041190017109610756	0.00011621358801899802	0.00011641123665025177
3.	36.10627803563526	0.2	0.9123752472004775	0.04754375128769842	0.00012248571064566667	4.297302982331759e-7	0.03979955817316091	0.000041975488231058986	0.00011634973675670991	0.00011655240948824086
3.	36.39596796695462	0.2	0.9118851150964662	0.04751451574021916	0.0001226695554584072	4.3034204027637136e-7	0.04031792888630965	0.00004276828116075023	0.00011648384001559251	0.00011657209834557009
3.	36.68565789827397	0.2	0.9113925708437633	0.04748527340040995	0.0001228509254503249	4.309457947513161e-7	0.04083873169129338	0.00004356839377308515	0.00011661591508281537	0.00011657379951515723
3.	36.97534782959333	0.2	0.9108973268255097	0.04745600308028641	0.0001230298312845551	4.315415794429625e-7	0.041361946257160505	0.00004437581878071164	0.00011674596412521848	0.00011688664539865473
3.	37.26503776091269	0.2	0.9103996986428577	0.04742671651223906	0.00012320630594842878	4.3212949117137515e-7	0.04188759660041049	0.00004519055704758486	0.00011687401914668556	0.00011715925200552618
3.	37.55472769223205	0.2	0.909899826883383	0.04739741602199703	0.00012338039163543193	4.3270965972404847e-7	0.042415690940284835	0.00004601261288955138	0.00011700011622631607	0.00011724044015043456
3.	37.84441762355141	0.2	0.9093975815171813	0.04736809013020901	0.00012355209489221914	4.3328209052030707e-7	0.042946225929714275	0.000046841977542984664	0.00011712425756657194	0.00011727506836968493
3.	38.134107554870766	0.2	0.9088928750210085	0.047338729842710967	0.00012372142883494385	4.338468126623596e-7	0.043479199684134794	0.00004767864434290286	0.00011724645155649931	0.00011736153215526762
3.	38.42379748619012	0.2	0.908385804666038	0.04730933576583918	0.00012388844709693012	4.3440399793340227e-7	0.04401461407900779	0.000048522622146942377	0.00011736674283854412	0.00011740001587320914
3.	38.71348741750948	0.2	0.907876252302131	0.04727989774606522	0.00012405316260993943	4.3495367595692505e-7	0.044552465297346695	0.00004937390445295609	0.00011748513917074436	0.00011752263371825333
3.	39.00317734882883	0.2	0.9073642178411391	0.047250412512462404	0.00012421557730252529	4.3549583833931207e-7	0.0450927654356576	0.0000502324802294644	0.00011760164183092635	0.00011772065737059023
3.	39.29286728014819	0.2	0.906849773189352	0.047220880373856855	0.00012437572303745532	4.3603058217376713e-7	0.04563552309956998	0.00005109835011791416	0.00011771627761967758	0.0001179132334836186
3.	39.582557211467545	0.2	0.9063330186011452	0.04719130329491905	0.0001245336363246354	4.3655802134026415e-7	0.04618074936835498	0.00005197151696283171	0.00011782907766887334	0.00011798702427193164
3.	39.872247142786904	0.2	0.9058138673599678	0.04716167367165783	0.00012468932868572107	4.3707818259764084e-7	0.046728446691999374	0.000052851973419149634	0.00011794004940450367	0.00011803389608749937
3.	40.16193707410626	0.2	0.9052921609591791	0.04713197998488788	0.0001248428202546889	4.375911233634712e-7	0.0472786076335013	0.00005373980840815164	0.00011804920580306584	0.00011823120264553566
3.	40.451627005425614	0.2	0.904768117221784	0.047102230987961326	0.0001249941548012091	4.380969843416747e-7	0.04783125407424878	0.00005463501266115365	0.00011815658622999372	0.00011833045155922733
3.	40.74131693674497	0.2	0.9042417037656403	0.04707242262483855	0.00012514333758931444	4.38595771691516e-7	0.04838639776785864	0.000055537503362296696	0.0001182621942389302	0.00011835640493922106
3.	41.031006868064324	0.2	0.9037127781136193	0.04704254504066415	0.0001252903694262146	4.3908747637324046e-7	0.04894404179372012	0.00005644726729202318	0.00011836602767469797	0.00011845832780185
3.	41.32069679938368	0.2	0.9031814252882856	0.04701260033880448	0.00012543528306934557	4.3957220171867813e-7	0.049504201160131635	0.000057364305294703467	0.00011846811453255855	0.00011853405221251556
3.	41.61038673070304	0.2	0.902647689557228	0.04698258860728779	0.000125578106163367	4.400500335096845e-7	0.05006688969060969	0.00005828861616848106	0.00011856847792016875	0.0001185253725092053
3.	41.9000766620224	0.2	0.9021113363601911	0.046952495155725055	0.0001257188479249519	4.405209933111798e-7	0.05063209903133722	0.00005922019010723604	0.00011866712069390141	0.00011868989372109534
3.	42.18976659334176	0.2	0.9015724577485116	0.046922323116093546	0.00012585752364876012	4.409851243379613e-7	0.05119985396156535	0.00006015902016332163	0.00011876405700809921	0.00011890764489309869
3.	42.47945652466112	0.2	0.9010312074679878	0.04689207869921148	0.00012599416953484137	4.414425433857118e-7	0.051770179294994736	0.0000611051093355736	0.00011885931903507605	0.00011899381639216694
3.	42.76914645598047	0.2	0.9004875000959872	0.046861755680565505	0.0001261287925101576	4.4189326499957196e-7	0.052343085959486	0.00006205844667300228	0.00011895291075880665	0.0001190291315131195
3.	43.05883638729983	0.2	0.8999412345338309	0.04683134709564	0.0001262613975929409	4.4233729735273704e-7	0.05291858457724465	0.00006301901993614323	0.00011904483433547025	0.00011911103845801269
3.	43.34852631861918	0.2	0.8993924987380946	0.04680085586802885	0.00012639201776187744	4.427747468728539e-7	0.05349669666331001	0.00006398683064631777	0.00011913511809314424	0.00011912710741149996
3.	43.63821624993854	0.2	0.8988411557420397	0.04677027298703422	0.00012652067107609712	4.432056679982984e-7	0.05407742494130409	0.00006496187297505545	0.0001192237739734768	0.00011922057990283036
3.	43.927906181257896	0.2	0.8982872262697844	0.04673959843070361	0.0001266473582349243	4.436300546312074e-7	0.05466079811269315	0.00006594413232265559	0.00011931080307860963	0.00011934206620661802
3.	44.217596112577255	0.2	0.8977306818991888	0.046708829337184045	0.0001267720920280104	4.440479432957823e-7	0.05524683507586115	0.0000669335998582209	0.00011939621526451931	0.0001195039479364654
3.	44.50728604389661	0.2	0.8971716195879913	0.046677969421539664	0.00012689490324927082	4.444594338328976e-7	0.055835563614188406	0.00006793027625222113	0.00011948003730791959	0.00011957773734530552
3.	44.796975975215965	0.2	0.8966099691991938	0.04664701375484297	0.00012701579939611757	4.4486454472415927e-7	0.056427002285146965	0.00006893414993367023	0.00011956227400712659	0.00011961994694177636
3.	45.08666590653532	0.2	0.896050268395548	0.04661619708983718	0.0001271354465467217	4.452656012336794e-7	0.05701628548577698	0.00006994557135185364	0.00011964354927192324	0.00011972274533800231
3.	45.37635583785468	0.2	0.8954993431396098	0.046585873185843514	0.0001272548428349397	4.4566609140062356e-7	0.057596292196005365	0.00007096509558396389	0.0001197247983936277	0.00011982587403104594
3.	45.66604576917404	0.2	0.8949466892330659	0.04655549468237726	0.00012737250323671394	4.46060806893023e-7	0.05817814831457204	0.00007199190420339446	0.00011980462322767198	0.00011985730173783016
3.	45.95573570049339	0.2	0.8943922216216369	0.04652505609903124	0.00012748843144220554	4.4644975372095827e-7	0.05876184255326279	0.00007302598632284761	0.00011988302522585952	0.00011991885855030388
3.	46.24542563181275	0.2	0.8938359479280124	0.0464945568131666	0.00012760264452594362	4.4683298497289496e-7	0.05934736929180276	0.0000740673384956246	0.00011996001840453135	0.00012000915101174209
3.	46.53511556313211	0.2	0.8932779649550878	0.04646400087499537	0.0001277151725418731	4.4721059938136663e-7	0.05993472865679012	0.00007511596499454845	0.00012003562894833826	0.00012002716499088378
3.	46.82480549445147	0.2	0.8927181758820315	0.04643338217055573	0.00012782602513862452	4.475826244111385e-7	0.060523904128903724	0.00007617185837745749	0.00012010986286303322	0.00012009235236854626
3.	47.11449542577082	0.2	0.8921565432129938	0.04640269783592764	0.00012793521310240017	4.479490916951034e-7	0.061114886373672066	0.00007723501181831354	0.00012018272823203443	0.0001202544033941308
3.	47.40418535709018	0.2	0.8915932260599317	0.04637195543791078	0.0001280427656589293	4.483100976054528e-7	0.061707684389639236	0.0000783054297594784	0.00012025425179771433	0.0001203376070022244
3.	47.69387528840954	0.2	0.8910282056695373	0.046341153180430056	0.00012814869454240159	4.486656774368594e-7	0.062302291099369314	0.00007938310625627369	0.0001203244427724707	0.00012036958418717991
3.	47.983565219728895	0.2	0.8904614219376374	0.046310287142188614	0.00012825300569782266	4.4901584638118357e-7	0.06289869621852755	0.00008046803169554711	0.00012039330491122284	0.0001204246484066418
3.	48.27325515104825	0.2	0.8898929107421355	0.04627935841759086	0.00012835571904270903	4.493606687087216e-7	0.06349689589964899	0.00008156020512695669	0.0001204608550644539	0.00012046965578628444
3.	48.562945082367605	0.2	0.8893226750827564	0.04624836626109555	0.00012845685861352372	4.4970022325936675e-7	0.06409687919227589	0.00008265962842000731	0.00012052711419891197	0.00012051327661535827
3.	48.852635013686964	0.2	0.8887506870960784	0.04621730860411868	0.0001285564293401559	4.5003452213009294e-7	0.06469864040578385	0.0000837662914914398	0.00012059208286165341	0.00012059113866533244
3.	49.14232494500632	0.2	0.8881769413027186	0.04618618456536827	0.00012865443932245634	4.503635886610072e-7	0.06530217539366086	0.00008488018612346823	0.00012065576916486692	0.00012071374921765465
3.	49.432014876325674	0.2	0.8876015330628714	0.046154998454602324	0.0001287509154903728	4.506875122462735e-7	0.06590748513964412	0.00008600131652235339	0.00012071819674636226	0.00012078042335722516
3.	49.72170480764503	0.2	0.8870244482554858	0.04612374890591696	0.0001288458690969534	4.5100632753264913e-7	0.0665145624784422	0.00008712967679771521	0.00012077937451454479	0.0001208138079328569
3.	50.01139473896439	0.2	0.8864456473214567	0.04609243324752327	0.00012893930782914532	4.5132005681417705e-7	0.06712339805426647	0.00008826526264549308	0.00012083930801579324	0.0001208654862221159
3.	50.30108467028374	0.2	0.8858651246340781	0.046061050418875066	0.0001290312541376388	4.5162877418683236e-7	0.06773397934294705	0.00008940817144420297	0.00012089801530176983	0.0001209545497437986
3.	50.5907746016031	0.2	0.8852829649458415	0.04602960442200066	0.00012912172380766788	4.5193253053360446e-7	0.06834631160002913	0.00009055830315999726	0.00012095551085238903	0.00012098707263054342
3.	50.88046453292246	0.2	0.8846991192371361	0.04599809219366642	0.0001292107203637109	4.522313339406456e-7	0.06896038585573463	0.000091715646244851	0.00012101179668323617	0.0001210241155203684
3.	51.17015446424182	0.2	0.8841135617499216	0.045966511872829977	0.0001292982520134276	4.5252520900071503e-7	0.06957619396578893	0.00009288019223902857	0.00012106687902137516	0.00012110144199801998
3.	51.45984439556117	0.2	0.8835263787287784	0.04593486743427542	0.00012938434346903768	4.528142381790928e-7	0.07019373640322434	0.00009405194457648261	0.00012112077952853378	0.00012112833143818058
3.	51.74953432688053	0.2	0.8829375413356674	0.04590315686420116	0.0001294690037427767	4.530984490970529e-7	0.07081300388837898	0.0000952308956042017	0.00012117350501083216	0.00012114491395641414
3.	52.03922425819989	0.2	0.8823469679894935	0.04587137530868929	0.00012955224055048338	4.533778649422694e-7	0.07143397882596011	0.00009641703658405335	0.00012122506008211626	0.00012125522085759677
3.	52.328914189519246	0.2	0.8817547737764923	0.045839528452460726	0.00012963407301269696	4.536525489133541e-7	0.07205666946789646	0.00009761036741793827	0.00012127546282393499	0.00012133021017100842
3.	52.6186041208386	0.2	0.8811609768114533	0.045807616801931045	0.0001297145146534015	4.5392254471741006e-7	0.07268107134622695	0.00009881088397156374	0.00012132472434357489	0.00012135571921897959
3.	52.908294052157956	0.2	0.8805655348812061	0.04577563773695513	0.00012979357022229826	4.5418786544966465e-7	0.07330717484106318	0.00010001857546246249	0.00012137284775666222	0.00012138620722533522
3.	53.197983983477314	0.2	0.8799684418894955	0.04574359052419024	0.0001298712498698852	4.544485431960824e-7	0.07393497304804403	0.00010123343512591299	0.00012141984121686247	0.00012143540473120995
3.	53.48767391479667	0.2	0.8793697520062658	0.04571147752666978	0.00012994757537821832	4.5470465083044444e-7	0.0745644623545042	0.00010245546534624858	0.00012146572338456009	0.00012145036718494429
3.	53.777363846116025	0.2	0.8787694132832559	0.04567929559891832	0.0001300225529991677	4.549562069662946e-7	0.0751956299628773	0.000103684656548953	0.0001215104983795711	0.00012149898919341928
3.	54.06705377743538	0.2	0.8781674273740152	0.04564704455972303	0.00013009618705450024	4.5520322354712785e-7	0.07582847345131773	0.0001049209975738689	0.0001215541698279139	0.00012158222709213184
3.	54.35674370875474	0.2	0.877563853701002	0.04561472713940568	0.00013016849627261405	4.5544576300505573e-7	0.0764629917868965	0.00010616448876597541	0.0001215967540372644	0.00012163894189423652
3.	54.6464336400741	0.2	0.876958704367332	0.04558234361550142	0.0001302394924859936	4.5568386371890566e-7	0.07709917978904803	0.0001074151251216619	0.0001216382608538896	0.00012166192664715691
3.	54.93612357139345	0.2	0.8763519506564381	0.04554989215049313	0.00013030918155246152	4.5591754323785686e-7	0.07773702851773669	0.00010867289674898111	0.00012167869452974937	0.00012169067948739065
3.	55.22581350271281	0.2	0.8757435807062044	0.04551737172403287	0.00013037757574351703	4.561468416240465e-7	0.0783765278112785	0.00010993779900398823	0.0001217180647858949	0.00012174823689510561
3.	55.51550343403217	0.2	0.8751336507908442	0.04548478494540635	0.0001304446927381709	4.563718179277357e-7	0.07901767647046187	0.00011120983202124526	0.00012175638701474382	0.00012177689671027947
3.	55.80519336535153	0.2	0.8745221466854836	0.04545213083125192	0.0001305105359266037	4.565924812753387e-7	0.07966046941863662	0.00011248898398991999	0.00012179366376836451	0.00012179695223009379
3.	56.09488329667088	0.2	0.87390903669106	0.045419407435300686	0.0001305751096913205	4.568088443328422e-7	0.08030489752270403	0.00011377524372895533	0.00012182989804815963	0.0001218511886706547
3.	56.38457322799024	0.2	0.8732943799193018	0.045386617536169155	0.0001306384320514078	4.5702096753761934e-7	0.08095095980309011	0.00011506861190835884	0.00012186510556753911	0.00012187867651161644
3.	56.6742631593096	0.2	0.8726781788168058	0.04535376097223179	0.00013070051265448218	4.5722888210097707e-7	0.08159865000669612	0.0001163690821062323	0.00012189929421362568	0.00012188338062350812
3.	56.963953090628955	0.2	0.8720603795985098	0.04532083458473974	0.00013076135749733462	4.574326065231929e-7	0.08224795326063034	0.00011767664461395594	0.00012193246783861486	0.00012193712140230739
3.	57.25364302194831	0.2	0.8714410201431205	0.04528784012681286	0.00013082097787466893	4.5763217789706603e-7	0.08289886870582489	0.00011899129454688824	0.00012196463634188328	0.0001220011196422649
3.	57.543332953267665	0.2	0.8708201536669355	0.04525478013821636	0.00013087938832984772	4.5782764473589057e-7	0.08355139640766365	0.00012031303012159288	0.00012199581252506947	0.00012201954108824464
3.	57.833022884587024	0.2	0.8701977510704936	0.04522165285503337	0.0001309365928863999	4.58019018808241e-7	0.08420552731779256	0.00012164184001801786	0.0001220259991387497	0.00012203230475726912
3.	58.12271281590638	0.2	0.8695737923523147	0.04518845699007668	0.00013099259698173975	4.5820631688349184e-7	0.08486125302853702	0.00012297771409399712	0.00012205520024341992	0.00012206911167898793
3.	58.412402747225734	0.2	0.8689483341908588	0.04515519524458227	0.0001310474176663532	4.5838959640539334e-7	0.08551857245790623	0.0001243206531324162	0.00012208343070991653	0.00012207164625750722
3.	58.70209267854509	0.2	0.8683213361899978	0.045121865189849945	0.00013110106273344884	4.5856888248595316e-7	0.08617747120389203	0.00012567064935155704	0.00012211069607876582	0.00012209713529266752
3.	58.99178260986445	0.2	0.8676928013491476	0.04508846684364954	0.00013115353535655483	4.587441841281859e-7	0.08683794672087267	0.00012702769063565353	0.00012213699904321186	0.00012214511615385448
3.	59.2814725411838	0.2	0.8670627559483841	0.04505500136065819	0.00013120484681444723	4.589155387341409e-7	0.08749999556944231	0.00012839177257949438	0.00012216234924515535	0.00012219158658272056
3.	59.57116247250316	0.2	0.8664312330647997	0.045021470245759865	0.00013125500984052766	4.5908298883952415e-7	0.08816361470487354	0.00012976289237023102	0.00012218675762290876	0.00012220499936725637
3.	59.86085240382252	0.2	0.8657982119539216	0.04498787220996658	0.00013130402908258893	4.592465487442199e-7	0.08882879552940952	0.0001311410393425393	0.00012221022757659012	0.00012221599172843045
3.	60.15054233514188	0.2	0.8651636805720712	0.04495420640648576	0.00013135191131186458	4.59406240219827e-7	0.08949552957621956	0.00013252624174160002	0.00012223276437640083	0.00012224588592983643
3.	60.44023226646123	0.2	0.8645276700766732	0.04492047419230958	0.00013139867253133535	4.595621173688179e-7	0.09016381075868526	0.0001339184984498393	0.00012225438153403676	0.00012226823923341956
3.	60.72992219778059	0.2	0.8638901899441537	0.0448866759431544	0.00013144431693818144	4.597141930438217e-7	0.09083363692446356	0.0001353177644342215	0.0001222750826779146	0.0001222753926629211
3.	61.01961212909995	0.2	0.863251213801785	0.04485281010314667	0.00013148884759941324	4.598624761862955e-7	0.09150499893968028	0.00013672402704509648	0.00012229486982360608	0.0001223044182673133
3.	61.309302060419306	0.2	0.8626107708791136	0.04481887800769118	0.0001315322760909722	4.6000700553645544e-7	0.09217789339004002	0.0001381372824021429	0.00012231375289380688	0.00012232815765648997
3.	61.59899199173866	0.2	0.861968883702168	0.044784880645966	0.00013157461303181116	4.601478165252288e-7	0.09285231610569068	0.00013955752580013982	0.00012233174091055537	0.00012232725952687762
3.	61.888681923058016	0.2	0.861325524795168	0.04475081638429002	0.0001316158630909719	4.6028492381232446e-7	0.09352825619259987	0.0001409847462946447	0.00012234883714458495	0.00012234173363266654
3.	62.178371854377374	0.2	0.860680686341402	0.04471668462323994	0.00013165603332308397	4.604183504371599e-7	0.0942057051347992	0.00014241893543918857	0.00012236504716213939	0.00012238851344612
3.	62.46806178569673	0.2	0.8600344305290785	0.04468248847998898	0.0001316951368456602	4.6054814067701174e-7	0.09488466556712218	0.00014386009148654064	0.00012238038276126802	0.0001223996473374983
3.	62.757751717016085	0.2	0.859386742476706	0.044648227021290045	0.00013173317794132176	4.606743079465761e-7	0.09556512946737947	0.00014530820318224308	0.00012239484714609037	0.00012239897919298637
3.	63.04744164833544	0.2	0.8587376016200899	0.04461389902040749	0.0001317701600526125	4.6079686275701404e-7	0.09624708800087324	0.00014676325823973881	0.00012240844273474737	0.00012241714347421828
3.	63.3371315796548	0.2	0.8580870426141582	0.04457950612104237	0.00013180609513179067	4.609158454107535e-7	0.09693053837237182	0.00014822525381147147	0.0001224211798442147	0.0001224206276388834
3.	63.62682151097416	0.2	0.8574350633919177	0.04454504802290572	0.00013184099183873274	4.610312847280265e-7	0.09761547178707007	0.0001496941835187909	0.00012243306542996328	0.0001224205914642923
3.	63.91651144229351	0.2	0.8567816483972176	0.04451052377975663	0.0001318748535565483	4.611431911078257e-7	0.09830188029407372	0.0001511700350817049	0.00012244410195595316	0.00012244149712269115
3.	64.20620137361287	0.2	0.8561268099888758	0.04447593392222688	0.0001319076864590343	4.6125158473845746e-7	0.09898976024097159	0.00015265279934838704	0.00012245429466893035	0.0001224741105335797
3.	64.49589130493223	0.2	0.855470587868226	0.04444128037381572	0.0001319395027360974	4.613565068744795e-7	0.09967910971193375	0.00015414247417122384	0.00012246365416820003	0.00012247871261027166
3.	64.78558123625159	0.2	0.8548129702958396	0.04440656238691548	0.0001319703066966641	4.614579712408218e-7	0.1003699207767185	0.0001556390483778737	0.000122472183729427	0.00012247572748066982
3.	65.07527116757095	0.2	0.8541539445693725	0.04437177916515672	0.00013200010252905375	4.615559911690981e-7	0.1010621852308344	0.00015714251057782062	0.00012247988651141882	0.00012248686553828492
3.	65.36496109889029	0.2	0.8534935324210985	0.044336931656659875	0.00013202890256008905	4.6165060847559443e-7	0.10175589651405935	0.00015865285903959877	0.00012248677286353106	0.00012249599597412286
3.	65.65465103020966	0.2	0.8528317471106096	0.044302020456506476	0.00013205671259363479	4.6174184219428814e-7	0.10245105130482392	0.00016017008448904435	0.0001224928477459333	0.0001224925891351314
3.	65.94434096152901	0.2	0.8521685745795258	0.044267044725228716	0.00013208353524621997	4.6182970024065627e-7	0.10314764211774236	0.00016169417373766435	0.00012249811302833644	0.00012249903881902946
3.	66.23403089284837	0.2	0.8515040207251101	0.044232004647703965	0.00013210937706811704	4.6191420431023353e-7	0.10384566307503053	0.00016322511830502343	0.00012250257412060883	0.00012251514257793916
3.	66.52372082416773	0.2	0.8508381192829014	0.04419690185583121	0.00013213424896792433	4.6199539136160206e-7	0.1045451116308119	0.00016476291518583146	0.00012250624046747244	0.00012250807091035432
3.	66.81341075548708	0.2	0.8501708587907547	0.04416173563458642	0.00013215815487957258	4.620732739905361e-7	0.10524597965640106	0.00016630755284153392	0.00012250911503986018	0.00012249813726269987
3.	67.10310068680644	0.2	0.8495022141558952	0.0441265045108584	0.00013218109977656222	4.621478684512726e-7	0.10594825447715109	0.00016785902093029975	0.00012251120137043693	0.00012252458751997597
3.	67.39279061812579	0.2	0.8488322388802275	0.04409121120553395	0.0001322030940854922	4.622192100866313e-7	0.10665193888655365	0.00016941731618683116	0.0001225125089033857	0.00012252839820246775
3.	67.68248054944516	0.2	0.8481609322139589	0.04405585557283541	0.00013222414286864122	4.622873155060148e-7	0.10735702634411885	0.00017098242859507753	0.00012251304171967148	0.00012251701030757678
3.	67.9721704807645	0.2	0.8474882786559715	0.04402043670078906	0.00013224424896014254	4.6235219355066657e-7	0.10806350828396112	0.000172554345220102	0.0001225128018255643	0.00012251541290449197
3.	68.26186041208386	0.2	0.8468142904699066	0.043984955120340945	0.00013226341954907309	4.6241386830910056e-7	0.10877137954458474	0.0001741330587474697	0.00012251179525788592	0.0001225159730028208
3.	68.55155034340322	0.2	0.8461389901616223	0.04394941188581458	0.00013228166403459743	4.6247237161702095e-7	0.1094806357212666	0.0001757185648822946	0.00012251003002209987	0.00012249953000800784
3.	68.84124027472258	0.2	0.8454623555476054	0.04391380571361781	0.0001322989859376572	4.625277147790115e-7	0.11019126559008226	0.00017731085163435572	0.00012250750853833487	0.0001225007834077252
3.	69.13093020604194	0.2	0.8447843931831764	0.0438781368863278	0.00013231538879162157	4.62579909163153e-7	0.11090326551061372	0.0001789099070360787	0.00012250423380247	0.00012251654414516255
3.	69.42062013736128	0.2	0.8441051373335571	0.04384240708873528	0.00013233088282731034	4.626289895713818e-7	0.11161663339016667	0.00018051572814564682	0.00012250021471334023	0.00012251294757843756
3.	69.71031006868066	0.2	0.8434245864009408	0.04380661614345072	0.00013234547269239415	4.626749713052099e-7	0.11233136239298584	0.0001821283045915387	0.00012249545499503495	0.0001224986103674497
3.	70.	0.2	0.8427427294908467	0.043770763390789336	0.000132359161597591	4.627178646611359e-7	0.11304744433199923	0.000183747623996382	0.00012248995703787862	0.00012249328290607486