3.	1.	0.4	0.	0.	0.	0.0006872891834916578	0.0921174253201727	0.000012947204086678592	0.0007179834134454173	0.9071823382922489
3.	1.06735	0.4	0.	0.	0.	0.0007564744871730304	0.10011505906922981	0.000016299175290324005	0.000715933353101948	0.8991121672683069
3.	1.1347	0.4	0.	0.	0.	0.0008229251317437463	0.10878666624778043	0.000020166295190593265	0.0007171591629110397	0.8903702423252853
3.	1.20205	0.4	0.	0.	0.	0.0008855171621260547	0.11799279190235394	0.00002455729901179727	0.000904794493203129	0.8810971336365082
3.	1.2694	0.4	0.	0.	0.	0.0009432461972058726	0.12761411584104534	0.000029471132018050273	0.0013416130677947505	0.8714131668297307
3.	1.33675	0.4	0.	0.	0.	0.000995289056518493	0.137550499840266	0.00003489861040814685	0.00196408766067235	0.8614193124928073
3.	1.4041000000000001	0.4	0.	0.	0.	0.0010409108086385406	0.14770380266819882	0.000040819741871027226	0.002715669745460877	0.8512144667812915
3.	1.47145	0.4	0.	0.	0.	0.001079468986499475	0.15797613793377996	0.00004720331448293579	0.0035466580252908357	0.8408971897652376
3.	1.5388000000000002	0.4	0.	0.	0.	0.0011104163486937914	0.16826804274804144	0.00005400659625676594	0.004413729929628764	0.830567534307008
3.	1.60615	0.4	0.	0.	0.	0.001133301810900684	0.17847667645035145	0.00006117512014434415	0.005279403660939283	0.8203288466186035
3.	1.6735000000000002	0.4	0.	0.	0.	0.0011477683660065041	0.1884947510951025	0.00006864242298099681	0.006111506809556686	0.81028883811591
3.	1.74085	0.4	0.	0.	0.	0.001153541651975493	0.1982144068583448	0.00007632919967827868	0.0068826336653029585	0.8005557222900015
3.	1.8082	0.4	0.	0.	0.	0.001150437261313071	0.2075164134165474	0.00008414345269593442	0.007569744937204817	0.7912490058694436
3.	1.87555	0.4	0.	0.	0.	0.001138343176387734	0.21627577879792698	0.00009197894716662705	0.008153674966654393	0.7824938990785186
3.	1.9429	0.4	0.	0.	0.	0.0011172181686753783	0.22435487576321364	0.00009971424371801784	0.00861875947888247	0.7744281918243929
3.	2.01025	0.4	0.	0.	0.	0.0010870817324496926	0.2316014720857843	0.00010721058758342465	0.008952441999532951	0.7672042355941826
3.	2.0776000000000003	0.4	0.	0.	0.	0.001048008224444255	0.23784298373530874	0.0001143092680181826	0.009144934906426564	0.7609946987722288
3.	2.14495	0.4	0.	0.	0.	0.0010001214947058124	0.24287972835335164	0.00012082788978660757	0.009188913419685259	0.7559993222621559
3.	2.2123	0.4	0.	0.	0.	0.0009435920181401495	0.24647622503740627	0.00012655529817001793	0.009079258956171421	0.7524536276462835
3.	2.27965	0.4	0.	0.	0.	0.0008786392411997737	0.24834954083205743	0.0001312449345570543	0.008812884488178676	0.7506405749921857
3.	2.3470000000000004	0.4	0.	0.	0.	0.0008055423427710999	0.24815442224728018	0.00013460640512789486	0.008388683764908393	0.7509054290048208
3.	2.347	0.4	0.	0.	0.	0.0008055423427739363	0.2481544222481537	0.0001346064051295708	0.008388683764937932	0.7509054290039427
3.	2.3715401216290193	0.4	0.	0.	0.	0.0007769517364922257	0.24748873302608881	0.00013543554609670412	0.008195016128213401	0.7515988796913222
3.	2.3960802432580386	0.4	0.	0.	0.	0.0007473483068070355	0.24646925137828163	0.00013602461197033245	0.007980635252220007	0.752647375702941
3.	2.4206203648870583	0.4	0.	0.	0.	0.0007167561791168656	0.24507041408570654	0.00013635376069315606	0.007745720190289646	0.7540764759744835
3.	2.4451604865160776	0.4	0.	0.	0.	0.0006852028591763935	0.24326467440247784	0.00013640193424120385	0.007490507634731721	0.7559137208041046
3.	2.469700608145097	0.4	0.	0.	0.	0.0006527199450838297	0.24102249961525832	0.00013614684968713488	0.00721530068792822	0.7581886335899707
3.	2.4942407297741163	0.4	0.	0.	0.	0.0006193441605565903	0.23831229947136393	0.00013556506584090484	0.006920481212204968	0.7609327913022386
3.	2.518780851403136	0.4	0.	0.	0.	0.0005851185026363102	0.23510060185268453	0.00013463211973125115	0.0066065247130222	0.7641796475249479
3.	2.5433209730321553	0.4	0.	0.	0.	0.0005500937102333254	0.23135240161250684	0.00013332280522647402	0.006274019289576446	0.7679641818720333
3.	2.5678610946611746	0.4	0.	0.	0.	0.0005143301425355148	0.22703176444723036	0.0001316116846572524	0.005923689929264697	0.7723222937255769
3.	2.592401216290194	0.4	0.	0.	0.	0.00047790005679128426	0.2221030022144899	0.0001294739619839922	0.005556428903332379	0.7772896237667348
3.	2.6169413379192137	0.4	0.	0.	0.	0.00044089040990248277	0.21653274582700652	0.00012688695759836987	0.005173333227742199	0.7828994768054927
3.	2.641481459548233	0.4	0.	0.	0.	0.0004034063455866026	0.2102934362312888	0.00012383264629390188	0.004775751637046681	0.7891793247768307
3.	2.6660215811772523	0.4	0.	0.	0.	0.0003655752985268954	0.20336968743643558	0.0001203020747858759	0.004365340953040422	0.7961444351902516
3.	2.6905617028062716	0.4	0.	0.	0.	0.0003275518325512241	0.1957698428315402	0.00011630345426703093	0.003944133002486729	0.8037863018816416
3.	2.7151018244352914	0.4	0.	0.	0.	0.00028952286933474374	0.18754854650618463	0.00011187799235174452	0.003514608577577593	0.8120500526321288
3.	2.7396419460643107	0.4	0.	0.	0.	0.0002517120181379689	0.17885558211890104	0.00010713407287061488	0.0030797628628090714	0.8207855717900904
3.	2.76418206769333	0.4	0.	0.	0.	0.00021437891866999027	0.17005630254357237	0.0001023329875817965	0.0026431107710369653	0.8296269855501759
3.	2.7887221893223493	0.4	0.	0.	0.	0.00017779490805711526	0.1621050207175969	0.00009815919376299962	0.002208397013155917	0.8376190251805831
3.	2.8132623109513686	0.4	0.	0.	0.	0.00014207985870945143	0.15825280700016367	0.00009701057387110047	0.0017775553971471276	0.8415081025672557
3.	2.8378024325803883	0.4	0.	0.	0.	0.00010200688433923082	0.2077217947004355	0.00012752110370190924	0.0012851820333799975	0.7920486773115234
3.	2.8623425542094076	0.4	0.	0.	0.	0.00008200275966895824	0.11641807746169769	0.00007575787271531897	0.0010205051923779004	0.883424161905918
3.	2.886882675838427	0.4	0.	0.	0.	0.00005726361365439616	0.07184693186878209	0.00004574976011826391	0.0007174841518138662	0.9280500547574453
3.	2.9114227974674467	0.4	0.	0.	0.	0.00003476905359944391	0.040408879519237544	0.000025486948783730797	0.0004385236684810328	0.9595308644783793
3.	2.9359629190964656	0.4	0.	0.	0.	0.00001692170834737033	0.01856904937489852	0.00001165450699083621	0.00021479970921355242	0.9814023744097633
3.	2.9605030407254853	0.4	0.	0.	0.	5.465442938208485e-6	0.005722535438244011	3.582800743058791e-6	0.00006981193098269743	0.9942684163180747
3.	2.9850431623545046	0.4	0.	0.	0.	1.6544171009228794e-6	0.0016638639231632184	1.0407532643921988e-6	0.000021261418591369146	0.9983334409064715
3.	3.009583283983524	0.4	0.	0.	0.	7.183870372323955e-6	0.006971823517529021	4.361458958682771e-6	0.00009287082924297711	0.99301663115314
3.	3.0341234056125437	0.4	0.	0.	0.	0.000021463704997039118	0.020169007783239955	0.000012628863106148283	0.0002790822546562034	0.9797968996486569
3.	3.058663527241563	0.4	0.	0.	0.	0.000044300402217158694	0.04041249881592286	0.000025342462979137476	0.0005792650074166289	0.9595178583188808
3.	3.0832036488705823	0.4	0.	0.	0.	0.00007472859556733622	0.06631731543336124	0.00004166975250050497	0.000982508105530066	0.933566286218571
3.	3.1077437704996016	0.4	0.	0.	0.	0.0001112479195434687	0.0962060545003783	0.00006059388377748175	0.0014704851221267058	0.9036221036963008
3.	3.132283892128621	0.4	0.	0.	0.	0.0001520244124792921	0.12829518409537738	0.00008102424498059935	0.0020199621182629187	0.8714717672471627
3.	3.1568240137576407	0.4	0.	0.	0.	0.00019508481715135048	0.1608534530437907	0.0001018921007029703	0.0026053027067852023	0.8388495700383549
3.	3.18136413538666	0.4	0.	0.	0.	0.00023848705274871824	0.1923237680486544	0.0001222256312387955	0.003200736217907498	0.8073155192673581
3.	3.2059042570156793	0.4	0.	0.	0.	0.00028044527507508173	0.2213969937096972	0.00014119664143764823	0.0037820813610350153	0.77818136437379
3.	3.230444378644699	0.4	0.	0.	0.	0.0003194014790079056	0.24703818384270482	0.00015813853634013913	0.004327791525528449	0.7524842761419471
3.	3.2549845002737183	0.4	0.	0.	0.	0.00035404814523679284	0.2684747799901494	0.00017254088173752468	0.004819356390364905	0.7309986309828762
3.	3.2795246219027376	0.4	0.	0.	0.	0.00038331370633889935	0.2851600527704766	0.0001840283708550789	0.005241198231020415	0.7142726051523294
3.	3.304064743531757	0.4	0.	0.	0.	0.0004063245719464392	0.2967245781835814	0.00019233184078584547	0.005580235799431586	0.7026767654036863
3.	3.3286048651607762	0.4	0.	0.	0.	0.0004223560858495028	0.3029256071990553	0.00019725741426431222	0.005825277287266649	0.6964547793008309
3.	3.353144986789796	0.4	0.	0.	0.	0.00043078205210868336	0.30360106833306005	0.00019865794726353617	0.005966372566845441	0.6957694916675677
3.	3.3776851084188153	0.4	0.	0.	0.	0.0004310302124262428	0.29863254803131695	0.00019640956326792946	0.00599422824120334	0.7007400121929889
3.	3.4022252300478346	0.4	0.	0.	0.	0.000422550574065846	0.28792068333105025	0.00019039563064667173	0.005899785297310173	0.7114663704642372
3.	3.4267653516768544	0.4	0.	0.	0.	0.0004048058632537963	0.27137773976691276	0.0001805014598956906	0.005674095448721962	0.7280369529099378
3.	3.4513054733058732	0.4	0.	0.	0.	0.00037730053875619483	0.24894627763621846	0.00016662597957632335	0.005308736487704183	0.750509795845449
3.	3.475845594934893	0.4	0.	0.	0.	0.00033967946955781956	0.22066125306111609	0.00014872283384062025	0.004797220163496578	0.7788503446354855
3.	3.5003857165639123	0.4	0.	0.	0.	0.00029195304646638105	0.18678735143434824	0.00012689467460448963	0.004138221907059665	0.8127938008445809
3.	3.5249258381929316	0.4	0.	0.	0.	0.00023494218425134172	0.1480827481325053	0.0001015853906378604	0.0033420045675109995	0.8515807242926055
3.	3.5494659598219513	0.4	0.	0.	0.	0.00017106285821584437	0.10625088460436151	0.00007403843824681926	0.002441815868904228	0.8935040140991758
3.	3.57400608145097	0.4	0.	0.	0.003187812472958463	0.00010515641216397025	0.06438193100858701	0.000046295299096248165	0.001506159462298606	0.9322788048071943
3.	3.59854620307999	0.4	0.	0.	0.0021257848696150344	0.00004723606287386449	0.028514493958059103	0.00002073871234778232	0.0006788201028263391	0.9692917463971042
3.	3.6230863247090093	0.4	0.	0.	0.0005177349492575975	9.285152305147837e-6	0.005527794279212264	4.056094711418765e-6	0.00013387039826133083	0.9939411295245136
3.	3.6476264463380286	0.4	0.	0.	0.00023898747660284117	3.7004432412636545e-6	0.002173150583245852	1.606806339067397e-6	0.00005352212892824331	0.9975825546905709
3.	3.6721665679670483	0.4	0.	0.	0.002495211679104277	0.000034563753863134875	0.020027568907613556	0.000014910789751000729	0.000501481691240298	0.977427744869668
3.	3.6967066895960676	0.4	0.	0.	0.007047648349327275	0.00008927888237313035	0.05105301055908184	0.000038253651742116785	0.001299297855132699	0.9417718085574757
3.	3.721246811225087	0.4	0.	0.	0.012482415630919837	0.0001467896474150496	0.08285594214139749	0.00006245849965318782	0.0021426599078405305	0.9044523940806145
3.	3.7457869328541067	0.4	0.	0.	0.017139214478504458	0.00018914268339546717	0.10540478836271212	0.00007991303689241055	0.002768968433511193	0.8771869414384956
3.	3.7703270544831256	0.4	0.	0.	0.019988239150771962	0.0002087100312709293	0.11485250452603249	0.00008755570378406817	0.003064191912798016	0.8648629905881405
3.	3.7948671761121453	0.4	0.	0.	0.02076057900174382	0.0002064309388151611	0.11219645977605122	0.00008598530627666015	0.0030392460042121235	0.8667505449771132
3.	3.8194072977411646	0.4	0.	0.	0.019678762205884198	0.00018730505935644448	0.10056323750326686	0.00007746624663806591	0.0027652470464392728	0.8794932289848545
3.	3.843947419370184	0.4	0.	0.	0.01718737147472698	0.0001572629207886069	0.08342132173730533	0.00006458254397279381	0.002327982573424118	0.8991694613232063
3.	3.8684875409992037	0.4	0.	0.	0.013801042665785385	0.00012182587523632948	0.06385935330015023	0.00004967884292510291	0.0018081652744914298	0.9221680993159029
3.	3.893027662628223	0.4	0.	0.0001097441967346572	0.010038189504379933	0.00008574420821799522	0.04442168881588331	0.000034721687832687856	0.001275925841178023	0.9453099115869513
3.	3.9175677842572423	0.4	0.	0.00044725566175611017	0.006397419068935599	0.000053015349997955354	0.02714977129140163	0.000021319911885406815	0.0007909003787041832	0.9659312187160233
3.	3.9421079058862616	0.4	0.	0.0006450935251425944	0.0033422938914757067	0.00002693181545732043	0.013635512950565814	0.000010756294662184953	0.0004027757632636485	0.9823394115226963
3.	3.966648027515281	0.4	0.	0.0004915521280588085	0.001272610971880822	9.990703708583849e-6	0.005001594199525665	3.963084546205766e-6	0.00014977865493090838	0.9932202889122799
3.	3.9911881491443006	0.4	0.	0.00033454678416510245	0.0005136025636781805	3.9351555850716736e-6	0.0019482482829608985	1.5504837216196964e-6	0.00005913587717328044	0.9971981167298891
3.	4.0157282707733195	0.4	0.	0.001390226255427932	0.0014075927288660802	0.000010541855301648455	0.005162158698660056	4.12590606213382e-6	0.0001587892663206059	0.9920253545556822
3.	4.040268392402339	0.4	0.	0.005561271176440641	0.003992501713641744	0.000029267838055494416	0.014177420371619669	0.000011379390830636152	0.00044186526940371104	0.9762281595094118
3.	4.064808514031359	0.4	0.	0.015383125919780966	0.008252651510120742	0.00005929040180247354	0.02841464054320698	0.000022901707947727272	0.0008971383456287563	0.947867389917141
3.	4.089348635660378	0.4	0.	0.033502446356456626	0.013975820667895385	0.00009851483049658262	0.046716270113366834	0.00003780674243829297	0.0014939414961097936	0.9056691412893463
3.	4.113888757289398	0.4	0.	0.06197895737281817	0.02074114195904923	0.00014359311080952247	0.06738530798141791	0.00005475381593827861	0.0021822481840412856	0.8496962457599668
3.	4.1384288789184165	0.4	0.	0.10160747968549359	0.027969904217628704	0.00019035872006663686	0.08841471170081204	0.00007212660920272286	0.0028991049140354793	0.7817454190667964
3.	4.162969000547436	0.4	0.	0.15154310143348607	0.03502887486074665	0.00023456265213387818	0.10784119771420105	0.0000883185898936726	0.0035797535898970923	0.7052639447495387
3.	4.187509122176456	0.4	0.	0.20943798058768603	0.041357261683397435	0.0002726937810496753	0.12411606591925853	0.00010203925992638829	0.004170187032718261	0.6247139587686819
3.	4.212049243805476	0.4	0.	0.27203833807587735	0.04656720155454553	0.0003025572865282122	0.13634497253538605	0.0001125191479042589	0.00463614778159955	0.5446344113997587
3.	4.236589365434495	0.4	0.	0.3359559526805474	0.050482172881634944	0.0003234141745233069	0.1443178832459868	0.0001195452172414101	0.004965486223437094	0.4688010318000662
3.	4.261129487063514	0.4	0.	0.3982969689294638	0.05311303462312294	0.0003357252311321883	0.14836265183821443	0.00012334986383430026	0.005164447847792257	0.39976826951423244
3.	4.285669608692533	0.4	0.	0.45698372649735325	0.05459834892655064	0.00034070110564220966	0.14912233387400298	0.00012443328642151614	0.005250916608611753	0.3388304563100294
3.	4.310209730321553	0.4	0.	0.5107874929466006	0.05513981860966206	0.00033986209509925987	0.1473494877162632	0.00012339582874019655	0.005247721940825911	0.28625994280363465
3.	4.334749851950573	0.4	0.	0.5591851604563534	0.05495200824831964	0.0003347195378286173	0.14376432528243308	0.00012082018491786207	0.005177747284305327	0.24164296629014745
3.	4.359289973579592	0.4	0.	0.6021553152419749	0.05423176011626686	0.00032659836751025746	0.13898083262516986	0.00011720838063933745	0.005061171268033825	0.20418828526843885
3.	4.3838300952086104	0.4	0.	0.6399870287663968	0.05314425107358132	0.0003165697338515554	0.13348334412783008	0.00011296018200247531	0.004914388906792828	0.17295584611633777
3.	4.40837021683763	0.4	0.	0.6731323398598813	0.051820006359008665	0.0003054511109656764	0.12763255503990464	0.00010837615159146942	0.0047499729603778015	0.14700127147864822
3.	4.43291033846665	0.4	0.	0.7021058626550463	0.050357739928464484	0.00029383894820162766	0.12168465627905646	0.0001036720450773475	0.004577144154142502	0.1254542301441538
3.	4.45745046009567	0.4	0.	0.727423416477749	0.04882956241624596	0.00028215181422294554	0.11581372825350512	0.00009899637372760667	0.004402412030801082	0.10755214466454935
3.	4.481990581724689	0.4	0.	0.7495682949562434	0.0472865600249884	0.0002706722164131355	0.11013239047129311	0.00009444689501884046	0.004230203231178805	0.09264763543604307
3.	4.506530703353708	0.4	0.	0.7689757727414339	0.045763833148655016	0.0002595823255372801	0.10470890197742963	0.00009008442570426303	0.004063401884734813	0.08020182538123989
3.	4.531070824982727	0.4	0.	0.7860287892832256	0.04428467220356922	0.00024899243575865444	0.09958046116766867	0.00008594368287509618	0.00390378228633167	0.06977114122690276
3.	4.555610946611747	0.4	0.	0.8010582362578952	0.04286375317148734	0.00023896214633011435	0.09476293114810752	0.00008204126620157177	0.0037523320694628553	0.06099407600997829
3.	4.580151068240767	0.4	0.	0.8143473533539034	0.04150962030030253	0.0002295163166605126	0.09025801476157883	0.0000783815930548902	0.0036094966794864053	0.05357711367449984
3.	4.604691189869786	0.4	0.	0.8261373782200911	0.04022653008276124	0.000220656599912047	0.08605834182697951	0.00007496113898706395	0.0034753567602982924	0.047282132131269
3.	4.629231311498805	0.4	0.	0.8366331657664272	0.03901578689510086	0.00021236957878645118	0.08215098771156956	0.00007177139387253137	0.0033497537489776265	0.04191591865424339
3.	4.653771433127824	0.4	0.	0.846008495987961	0.037876706122121934	0.0002046324659727909	0.07851988530691559	0.00006880090546169867	0.003232378252552456	0.03732147921156698
3.	4.678311554756844	0.4	0.	0.8544108305313642	0.036807301944183926	0.00019741704757841093	0.07514744945335212	0.00006603667120888726	0.0031228314715246387	0.03337096435231242
3.	4.702851676385864	0.4	0.	0.8619654530810609	0.03580477400878398	0.0001906923732169423	0.07201564978808968	0.0000634650699296896	0.0030206673385061128	0.029959965678918843
3.	4.727391798014883	0.4	0.	0.8687790145255562	0.034865848449587296	0.00018442656001128676	0.06910670209162935	0.00006107247159288856	0.0029254209840926387	0.027002935901623018
3.	4.751931919643902	0.4	0.	0.8749425197188634	0.03398701427893747	0.0001785879759291115	0.06640349598757873	0.00005884562432446471	0.0028366275811971204	0.024429536414366834
3.	4.776472041272921	0.4	0.	0.8805340233094436	0.03316468225698049	0.00017314597717838715	0.0638898924102004	0.00005677188208335258	0.002753834551117843	0.022181484164113724
3.	4.801012162901941	0.4	0.	0.8856204264781126	0.03239529791119498	0.00016807138650903002	0.06155076583207552	0.000054839345891259836	0.002676608892030723	0.02021059904621665
3.	4.89262894023382	0.4	0.	0.9010338421545279	0.02993426140672601	0.00015192958194241678	0.05413520984011062	0.000048694146341770595	0.0024308830213268197	0.014696062870351322
3.	4.984245717565699	0.4	0.	0.9123017826515492	0.028006711055795504	0.00013934449937931545	0.04836904889494811	0.000043893478219965175	0.002239350885595909	0.011139219420107947
3.	5.075862494897577	0.4	0.	0.9207526893466123	0.026488598024129693	0.0001294228374025661	0.043820197334871795	0.000040089024110839046	0.0020885461787467077	0.008769003432872853
3.	5.167479272229456	0.4	0.	0.9272260950704608	0.02528661440907037	0.0001215171241712784	0.040182556310600005	0.00003703122574220708	0.001968661549270096	0.007146185859955301
3.	5.259096049561335	0.4	0.	0.9322754938218186	0.024331109073373887	0.00011515732390018315	0.037238068179801256	0.00003454107454605401	0.001872550866266471	0.006005630526559995
3.	5.350712826893214	0.4	0.	0.9362759631361831	0.023569777324098207	0.00010999851809097754	0.03482946832674644	0.00003248852388473634	0.0017949536171400918	0.005182304170996528
3.	5.442329604225092	0.4	0.	0.9394893640457274	0.022962986800426955	0.00010578444819372301	0.03284183867153815	0.00003077777661036547	0.0017319507316260402	0.004569248257503454
3.	5.533946381556971	0.4	0.	0.9421033459881624	0.022480379165152276	0.00010232218531289903	0.031190091511043055	0.000029337269453553996	0.0016805844303797556	0.004094523880875847
3.	5.62556315888885	0.4	0.	0.9442554531348366	0.022098434750810202	0.00009946455840366274	0.029810444202708956	0.000028112803326475308	0.0016385934450198335	0.0037080905499140907
3.	5.717179936220729	0.4	0.	0.9460484806997378	0.02179872853625423	0.00009709788420050105	0.028654556112641665	0.000027062789732758422	0.0016042275306034492	0.0033740739774330564
3.	5.808796713552608	0.4	0.	0.9475605275424386	0.021566673815208225	0.0000951333096470908	0.027685447774307342	0.000026154922318486495	0.0015761162324524202	0.0030660626360802766
3.	5.900413490884486	0.4	0.	0.948851740237731	0.021390608906537583	0.00009350062908364131	0.026874624166099606	0.0000253638157527088	0.0015531749414420682	0.0027641622447954588
3.	5.992030268216365	0.4	0.	0.9499689380910655	0.02126112614940652	0.0000921438125873773	0.026200021697998503	0.00002466930837262675	0.0015345368010312324	0.0024531009405694415
3.	6.083647045548244	0.4	0.	0.9509337117153405	0.021170236363118596	0.00009101628198966468	0.025644117947767494	0.000024054795858520125	0.001519478544699694	0.0021368628959252574
3.	6.175263822880122	0.4	0.	0.9517541054556415	0.021111208371635663	0.00009007945062280384	0.025193137170675173	0.000023506737681516144	0.001507399283433898	0.0018279628137433043
3.	6.266880600212001	0.4	0.	0.9524530682978134	0.02107887381778249	0.00008930341007674595	0.02483695054289964	0.000023014494373641336	0.0014978345995252367	0.001518789437054087
3.	6.3584973775438804	0.4	0.	0.9530488095916702	0.021068939920847345	0.00008866350118388374	0.024567902108576983	0.000022569294766716417	0.0014904013246079537	0.0012031155829549146
3.	6.4501141548757595	0.4	0.	0.953453583676086	0.021078511412749922	0.00008814214723211547	0.024365386331196958	0.000022165894597762932	0.00148471651120489	0.0009922105381372295
3.	6.5417309322076385	0.4	0.	0.953459321862557	0.02110618326965814	0.0000877288852499154	0.024190492150401654	0.000021802975640307285	0.0014803632617135438	0.0011344708564929896
3.	6.633347709539517	0.4	0.	0.9533833253966904	0.021147416091759484	0.0000874009478086415	0.024083504263910916	0.000021469507238188064	0.0014773038214107655	0.0012768837925924183
3.	6.724964486871396	0.4	0.	0.9532366931522613	0.02120006176564128	0.00008714623801479984	0.024042636695606457	0.000021161116079418182	0.0014753489992499588	0.001412301032396708
3.	6.816581264203275	0.4	0.	0.9530284900299301	0.021262289012453296	0.00008695448125798098	0.02406719720647009	0.000020874040597866124	0.0014743379984637189	0.001534195229290703
3.	6.908198041535153	0.4	0.	0.9527659553177049	0.021332528140084267	0.00008681690038408222	0.02415750726132384	0.00002060501268392998	0.001474133372959618	0.0016365873678189646
3.	6.999814818867032	0.4	0.	0.9524546504066482	0.02140942551699176	0.00008672595172533279	0.024314858593991222	0.000020351161642184106	0.001474616916666787	0.0017139883690012701
3.	7.091431596198911	0.4	0.	0.9520915014251604	0.021491646410263705	0.00008667446630380569	0.02454132110813331	0.000020109804072129178	0.0014756753459385856	0.001768746786066637
3.	7.18304837353079	0.4	0.	0.9516686123689927	0.02157792472287203	0.00008665581190842508	0.024839850532395534	0.00001987841054468101	0.0014772032396206214	0.0018070781532866335
3.	7.274665150862669	0.4	0.	0.9511821764882387	0.021667236299377418	0.00008666454985705886	0.025214564526402628	0.000019654792093396043	0.0014791144229780913	0.001829703344030837
3.	7.366281928194548	0.4	0.	0.950627001267184	0.02175865318174398	0.00008669580955360987	0.025670686110056917	0.00001943691651986454	0.0014813315007992378	0.001837526714941605
3.	7.457898705526426	0.4	0.	0.9499964306478996	0.02185132234398629	0.0000867451761285253	0.026214661877742167	0.000019222866407626283	0.00148378407186523	0.001831617087835767
3.	7.549515482858305	0.4	0.	0.9492822192177212	0.02194444626915537	0.00008680859085275356	0.026854323515283787	0.000019010801509521503	0.0014864071354129594	0.00181319160547741
3.	7.641132260190183	0.4	0.	0.9484743515363512	0.022037264630870346	0.00008688226040891245	0.02759910082186982	0.00001879892405012789	0.0014891396274556046	0.0017836018264496128
3.	7.732749037522062	0.4	0.	0.947560793261667	0.022129036289446097	0.00008696257114367895	0.028460300901198058	0.00001858544560251418	0.001491923024319306	0.0017443215309426718
3.	7.824365814853941	0.4	0.	0.9465271589825172	0.022219020842046088	0.00008704600474471748	0.02945146980863543	0.000018368554316686852	0.0014946999552407402	0.0016969358077399133
3.	7.91598259218582	0.4	0.	0.9453562702105773	0.02230645874692373	0.0000871290510922519	0.030588864566275437	0.000018146381156695228	0.0014974127531647088	0.0016431310439745522
3.	8.007599369517699	0.4	0.	0.9440273966629116	0.022390544791202595	0.00008720809763313492	0.031892065932694	0.000017916961212849105	0.0015000015900229647	0.0015848675543458368
3.	8.099216146849578	0.4	0.	0.9424902943052568	0.022469801125379163	0.00008727698908784031	0.03338390377832816	0.000017677727225543185	0.0015023624977823643	0.0015510460747225202
3.	8.190832924181457	0.4	0.	0.9406206538213653	0.022543373064344178	0.0000873320749149708	0.03508692922736335	0.00001742692330936671	0.001504402152624978	0.0016442848887028502
3.	8.282449701513336	0.4	0.	0.9384822691586828	0.02261027283528345	0.00008736924760079464	0.03704227371395169	0.000017161764057471342	0.001506081486524612	0.0017606532804237615
3.	8.374066478845215	0.4	0.	0.9360533045709823	0.022669537652373922	0.00008738455282488875	0.039295319042083623	0.000016879673084575183	0.001507336187714516	0.0018775745086506423
3.	8.465683256177092	0.4	0.	0.9332938093830322	0.022719937897908764	0.00008737306074865077	0.041902916037453504	0.000016577698041025926	0.0015080826909051545	0.0019793859228158656
3.	8.557300033508971	0.4	0.	0.9301474431291463	0.022759844963954442	0.00008732836585758289	0.044938094585524856	0.000016252351832903726	0.0015082116747029653	0.0020510366036838867
3.	8.64891681084085	0.4	0.	0.9265351445943253	0.022787063279580855	0.00008724195549033738	0.04849653969001043	0.000015899456921689888	0.0015075771031345638	0.0020781110236714057
3.	8.74053358817273	0.4	0.	0.9223452899832577	0.0227985713272077	0.00008710223742792351	0.05270665034069916	0.00001551393118905888	0.0015059793447803258	0.0020468721802184564
3.	8.832150365504608	0.4	0.	0.9174177096022608	0.02279010334313362	0.00008689297017166433	0.05774586561908682	0.000015089485349326275	0.0015031379182351514	0.001944338979997802
3.	8.923767142836486	0.4	0.	0.9115163059973657	0.02275543533780802	0.00008659058403996686	0.06386862482885093	0.000014618183588377874	0.0014986449765633824	0.0017584250683470443
3.	9.015383920168365	0.4	0.	0.904279507301881	0.022685095895789698	0.0000861593442660183	0.07145774054427698	0.000014089799957220046	0.0014918813185255916	0.001477407113829085
3.	9.107000697500244	0.4	0.	0.8951404877854071	0.02256428009706564	0.00008554354041875103	0.08112949633573867	0.000013491148299215029	0.0014818806986820166	0.0010667010930706239
3.	9.198617474832123	0.4	0.	0.883033856176717	0.022365299505687074	0.00008463907176506698	0.09396348133099675	0.00001280368249302426	0.00146683677325161	0.0005399202323410485
3.	9.290234252164002	0.4	0.	0.8657866089148533	0.02203179067893279	0.00008323417410886061	0.1121485419876409	0.000012002727386722184	0.001443073933466294	1.e-10
3.	9.38185102949588	0.4	0.	0.2224448820651958	0.005588532176611999	0.000021078004033358405	0.03690852669176906	2.8877277121856887e-6	0.0003655812366167075	0.7350340933346776
3.	9.406924433874892	0.4	0.	0.13916016774235737	0.0035012398672531085	0.000013199593920253009	0.025413947346531938	1.7870026627312265e-6	0.00022895988116019184	0.8319096584472746
3.	9.431997838253903	0.4	0.	0.30820907482550214	0.007765698694624925	0.000029263611831319076	0.06316623029266911	3.933108673300411e-6	0.0005076571993044966	0.6208257994666992
3.	9.457071242632916	0.4	0.	0.462354279143109	0.011666345448511518	0.00004394329274376519	0.10968742261661833	5.939651200964762e-6	0.0007623921601991732	0.4162420698478164
3.	9.482144647011927	0.4	0.	0.5385456127892897	0.01360830255931379	0.00005123582815250918	0.1745858202436506	7.33056578440608e-6	0.0008890008940295108	0.273201698013809
3.	9.507218051390938	0.4	0.	0.571863012437079	0.014573503996648222	0.00005484631764043261	0.21656421939211698	3.009166359729155e-6	0.0009443881321320965	0.19694140869015556
3.	9.532291455769949	0.4	0.	0.6490604032485899	0.01656409290658516	0.0000623112496822499	0.16836643680738014	1.6267063150845148e-6	0.0010730400890831533	0.16594512908144746
3.	9.55736486014896	0.4	0.	0.6828739246398223	0.017451406596188962	0.00006562150127345303	0.15931984291491638	1.2254203817782696e-6	0.001130164053743087	0.14028797892741712
3.	9.582438264527973	0.4	0.	0.7057250554821635	0.018060494655861493	0.00006788344519595225	0.1526429184167466	1.027779816298109e-6	0.001169242123737909	0.12350262022021621
3.	9.607511668906984	0.4	0.	0.7216789257479049	0.018494354961833576	0.0000694853905207545	0.14733022622287384	9.195110406784881e-7	0.0011969575379896364	0.1124260881658262
3.	9.632585073285995	0.4	0.	0.733101652295948	0.01881296818206903	0.00007065343249192796	0.14285197721710963	8.63249227208451e-7	0.0012172018136639685	0.10516188562315418
3.	9.657658477665006	0.4	0.	0.7413956346717998	0.019051888555069035	0.00007152158672779946	0.1389213722215628	8.417901719646146e-7	0.0012322816337033222	0.10055874117466862
3.	9.682731882044017	0.4	0.	0.7473816962990151	0.019231905225791053	0.00007216823722628387	0.13540663230024913	8.455560036383606e-7	0.0012435460535944907	0.09790675238171478
3.	9.70780528642303	0.4	0.	0.7515798171046719	0.019366172554072567	0.00007264299820380678	0.13220304439491132	8.685786877789813e-7	0.0012518489101287012	0.09677745436945259
3.	9.73287869080204	0.4	0.	0.7542966818247255	0.019462415620051444	0.00007297504344826637	0.12923893520264595	9.067787752478757e-7	0.0012576921174713839	0.09692808553035351
3.	9.757952095181052	0.4	0.	0.7556894579282407	0.019524540383475064	0.00007317918317424488	0.1264535469568958	9.571481988093648e-7	0.0012613302303341866	0.09825831840001537
3.	9.783025499560063	0.4	0.	0.7557832694714791	0.019553064477484065	0.00007325750703572645	0.12378784311448379	1.01727673060485e-6	0.0012627985844241598	0.1008015481527867
3.	9.808098903939074	0.4	0.	0.7544457529316569	0.019544651280950696	0.00007319766427137692	0.12117332469185725	1.0850423191977234e-6	0.0012618809765850745	0.1047619883889445
3.	9.833172308318087	0.4	0.	0.7513333091309313	0.01949000900750053	0.0000729650262936779	0.11852366170846494	1.1581594877078998e-6	0.001257982497048453	0.11057889696732182
3.	9.858245712697098	0.4	0.	0.7456872943751934	0.019369249396335858	0.00007248535958659209	0.11569848010596116	1.2337380191324538e-6	0.0012498224175783964	0.11917125702490379
3.	9.883319117076109	0.4	0.	0.7358786278098985	0.019139741743863695	0.00007159946278009662	0.11243674333674633	1.3070860779778957e-6	0.0012346544095583145	0.13247198056063336
3.	9.90839252145512	0.4	0.	0.718148333723838	0.01870316407257687	0.00006994011186156818	0.10817336099124449	1.3686479379611197e-6	0.0012061438058973163	0.15490383245254108
3.	9.933465925834131	0.4	0.	0.6827466484401923	0.017804458747694943	0.00006655472795749368	0.10148292663314534	1.3945250098083713e-6	0.0011478583342163144	0.19789801692600006
3.	9.958539330213144	0.4	0.	0.601230615080368	0.015699138087666084	0.00005866325794390029	0.0882639743920171	1.314168611959706e-6	0.0010118395845061065	0.29474629501339294
3.	9.983612734592155	0.4	0.	0.403376675286737	0.010546498643786182	0.00003939491985796878	0.05853405028052573	9.419367834713491e-7	0.0006795498466473295	0.5275024389323097
3.	10.008686138971166	0.4	0.	0.30421783893893856	0.00796420237462651	0.000029738363304459774	0.04366706084046799	7.575294086000163e-7	0.0005130187984028441	0.6441204019532538
3.	10.033759543350177	0.4	0.	0.5482542716272328	0.014371332629998554	0.00005364335872993628	0.07789554927296816	1.4530411345607255e-6	0.0009254795178056512	0.35942375006993593
3.	10.058832947729188	0.4	0.	0.653792652650443	0.017159704197648725	0.00006402861950006829	0.09200235471737653	1.840724967885148e-6	0.001104737613180037	0.2369794190900639
3.	10.083906352108201	0.4	0.	0.693240888409166	0.01821822383980668	0.0000679543177046592	0.09667593257197979	2.0695043597116225e-6	0.0011725617887749472	0.19179493135698322
3.	10.108979756487212	0.4	0.	0.7082549642076271	0.018636354874632742	0.0000694896177480144	0.09793286202874867	2.2377062348546716e-6	0.0011991453103947101	0.17510409156500856
3.	10.134053160866223	0.4	0.	0.712590873587232	0.018774072065849565	0.0000699788164967165	0.09774560503027553	2.3785185512019706e-6	0.0012076782086766682	0.17081709198159492
3.	10.159126565245234	0.4	0.	0.7109308850629016	0.01875382704186265	0.00006987927659161239	0.09678367050411045	2.502622619184446e-6	0.0012060500330035068	0.1734592354919145
3.	10.184199969624245	0.4	0.	0.7045396651306061	0.01860842914254713	0.00006931381369054308	0.09523242438710522	2.611279172727936e-6	0.0011963783739160447	0.18154755624687832
3.	10.209273374003258	0.4	0.	0.692389595686231	0.018310238339347747	0.00006817997844353881	0.09296301429916434	2.69765656362803e-6	0.0011768930711387943	0.1962662740402497
3.	10.23434677838227	0.4	0.	0.6693565813766468	0.017723018123302473	0.00006597121828930349	0.08930232681623086	2.7372890478523347e-6	0.0011388475584750244	0.22354936517648274
3.	10.25942018276128	0.4	0.	0.6160808569183848	0.01633247631634456	0.0000607748628428506	0.081704222861393	2.640562518638718e-6	0.001049217643387007	0.28581902847851615
3.	10.284493587140291	0.4	0.	0.45622672296791406	0.012109514750651676	0.0000450458693525681	0.06016397280069586	2.0465992106448927e-6	0.0007777260475524235	0.4714526970121751
3.	10.309566991519302	0.4	0.	0.3918376308384273	0.010413132600061893	0.00003872282691925944	0.05139851203160352	1.8372885434042139e-6	0.0006686030800979591	0.5463101644144446
3.	10.334640395898315	0.4	0.	0.5755541932302431	0.015313986955626812	0.000056928859412211204	0.0751193319905767	2.8172753855700295e-6	0.0009830215167102028	0.33395274168875555
3.	10.359713800277326	0.4	0.	0.6213815703341561	0.016553307738824838	0.00006151608237160559	0.08071807969688502	3.171404811710698e-6	0.0010623020415170342	0.28128235474295077
3.	10.384787204656337	0.4	0.	0.6279240841080762	0.016747713662335423	0.00006221859277641325	0.08120566158185079	3.3377474137125302e-6	0.0010745037166828115	0.2740569843075475
3.	10.409860609035348	0.4	0.	0.6214467437280972	0.016594794652106674	0.00006163088581414064	0.08003204330836368	3.4366014874092815e-6	0.0010644227056871521	0.28186135082413094
3.	10.43493401341436	0.4	0.	0.6087327086710446	0.016274655954855985	0.0000604228624299121	0.07808656349264687	3.4984738549810567e-6	0.0010436252874701124	0.29684215054516766
3.	10.460007417793372	0.4	0.	0.5918079764071561	0.015840936607572083	0.00005879418265763636	0.07563523262749124	3.5312465876672153e-6	0.0010155582385171526	0.3166535289285352
3.	10.485080822172383	0.4	0.	0.5711509726267644	0.015306062949720266	0.00005679133499055439	0.07274234869557156	3.534934943376029e-6	0.0009810233321541136	0.3407402894580099
3.	10.510154226551395	0.4	0.	0.5463986808884941	0.014659948235606922	0.000054377238503899056	0.06936402111508644	3.5045309234049043e-6	0.0009393788947620969	0.36951946799138524
3.	10.535227630930406	0.4	0.	0.5159405948095864	0.013858952945358959	0.00005139043548779466	0.0652985744944916	3.426364613922078e-6	0.0008878343671791549	0.40484706095046125
3.	10.560301035309418	0.4	0.	0.47349141469185746	0.01273352009244922	0.00004720288547097943	0.05975618977285	3.2531185564380924e-6	0.0008155372887143642	0.45396841943881594
3.	10.58537443968843	0.4	0.	0.383448151329487	0.010323962236093524	0.000038259182303599646	0.04826453378993661	2.7233540416208244e-6	0.0006610528806138809	0.5579223701081377
3.	10.61044784406744	0.4	3.2812441996821602e-9	0.32942711842832967	0.008879740103289064	0.000032897261181057285	0.04136300309902009	2.416778540604948e-6	0.0005684406523377132	0.6202948210483954
3.	10.635521248446452	0.4	0.00008755748341462981	0.3617469939448912	0.00976213395554567	0.000036155590279785996	0.04531753994231639	2.739344568812622e-6	0.0006247774412619838	0.5830468797389835
3.	10.660594652825463	0.4	0.0004391533398963387	0.33078733422263334	0.008936869613412312	0.000033089355214203606	0.04135170561948467	2.583759129081211e-6	0.0005718239211926683	0.6184492640902302
3.	10.685668057204474	0.4	0.001028127650867548	0.2856213984933526	0.007725415010653354	0.000028595511185334774	0.03563609733036878	2.2996662554417847e-6	0.0004941919281280026	0.6699580663373169
3.	10.710741461583487	0.4	0.0017114861584317266	0.23453885175577738	0.006350943194809686	0.000023501111333709115	0.029210436915259395	1.9452745985767085e-6	0.0004061716359763847	0.7281628355897896
3.	10.735814865962498	0.4	0.0022787754993711935	0.18075014521361094	0.004899957225369542	0.0000181266496221374	0.022474616393404742	1.543366097337513e-6	0.000313301004005454	0.7895768356525241
3.	10.760888270341509	0.4	0.0025057109104424553	0.12730756143459318	0.003455062396784527	0.000012777831877199861	0.015806012501554223	1.118436210078e-6	0.00022086358583207205	0.8509117564885383
3.	10.78596167472052	0.4	0.002240130693588167	0.07819094418859589	0.002124438154612498	7.854568378537532e-6	0.009694845968514535	7.063705597182737e-7	0.00013577244193451788	0.9077410800557507
3.	10.811035079099533	0.4	0.0015206712536697268	0.038385144837814064	0.0010440821071406423	3.859142072485335e-6	0.0047536111662877314	3.5638561118712984e-7	0.00006671171144370467	0.9542922751074041
3.	10.836108483478544	0.4	0.0006468605452002996	0.012280583662164715	0.0003344045846336778	1.2356831766521241e-6	0.0015191935591004526	1.1711901597959603e-7	0.000021361911886927128	0.9852176048467083
3.	10.861181887857555	0.4	0.000785310788491013	0.011565892257407017	0.00031529133096397914	1.1647337060766723e-6	0.0014294287807175828	1.1324471933356804e-7	0.00002013635978055204	0.985902798863995
3.	10.886255292236566	0.4	0.003019310281858726	0.035372292824946944	0.0009653253598004661	3.5650771177533806e-6	0.004368070477160231	3.554016116712559e-7	0.00006163739090238522	0.9562710805775041
3.	10.911328696615577	0.4	0.006509772878859244	0.06193507139630612	0.0016920871319924587	6.247401575029634e-6	0.007642898335042848	6.382704118740445e-7	0.00010801782049574149	0.9222132845858124
3.	10.936402100994588	0.4	0.00908460920473284	0.07142546557742795	0.001953496836171987	7.210606199351712e-6	0.008808861538676278	7.546312044913757e-7	0.0001246775063305848	0.9087196016055871
3.	10.9614755053736	0.4	0.008729193544526063	0.05756260923040493	0.001576056011022992	5.81586006306006e-6	0.007095794715140825	6.232242256054919e-7	0.00010056579630161237	0.9250299074146164
3.	10.986548909752612	0.4	0.0070403513151298365	0.03944008239645797	0.001081031978007861	3.988089883001663e-6	0.004860033641508756	4.374001452724429e-7	0.0000689637683865111	0.9475740751788674
3.	11.011622314131623	0.4	0.008679256705636662	0.04176826530410529	0.0011460794908479614	4.226940030196434e-6	0.005145579624296124	4.7429231097809e-7	0.00007309733004485894	0.9432561176427728
3.	11.036695718510634	0.4	0.016721080829471106	0.0698083806998021	0.001917526964527352	7.07031263340831e-6	0.00859856322549862	8.113214106261252e-7	0.00012227371646728535	0.9029465666466568
3.	11.061769122889647	0.4	0.03123079566180838	0.11409858960276938	0.003137457559153079	0.000011565425777612462	0.014053086635660796	1.3567011816373798e-6	0.00020002066955095418	0.837467148413649
3.	11.086842527268658	0.4	0.05139496989268	0.16559258258220594	0.004558271625557878	0.000016798535536226626	0.02039608306490344	2.0137314975982866e-6	0.0002905381195677228	0.7580392805676189
3.	11.111915931647669	0.4	0.0759196090058759	0.217231611762724	0.005986075210626757	0.00002205472591182731	0.026759832707059172	2.7007463528102987e-6	0.00038146219800507095	0.6740781158414495
3.	11.13698933602668	0.4	0.10344991014569453	0.26453351052763785	0.007297225438540306	0.000026878581450756903	0.0325937502181166	3.3611647033512553e-6	0.00046491550219449073	0.5920953639238566
3.	11.162062740405691	0.4	0.13280814099289476	0.3052371115260522	0.008428891088669893	0.000031039085112179334	0.03762026376930798	3.962302953255862e-6	0.0005369009058527909	0.5158705912350098
3.	11.187136144784702	0.4	0.1630647043342181	0.3386075488407329	0.009360173797227882	0.000034459824850442286	0.04174922763958932	4.489165544887308e-6	0.0005960950785407151	0.44717939639783644
3.	11.212209549163715	0.4	0.19352819261325893	0.36481796442847375	0.010095220463832806	0.000037156639734013906	0.045001881281318955	4.938164193180867e-6	0.0006427703781774208	0.38651464640918837
3.	11.237282953542726	0.4	0.2237057598715196	0.38451062991846485	0.010651197018347278	0.00003919325133289435	0.04745693803898657	5.312314416251726e-6	0.0006780276059408743	0.3336309695869325
3.	11.262356357921737	0.4	0.25325851203750627	0.39852047218707165	0.011050688945475385	0.00004065324821590891	0.04921666046673938	5.618001904878172e-6	0.0007033114844921054	0.2879073951130865
3.	11.287429762300748	0.4	0.28196197869478073	0.40771595685602396	0.01131731145550244	0.00004162391751738465	0.05038735873110644	5.862977928743181e-6	0.0007201309852692219	0.24856990736714032
3.	11.312503166679761	0.4	0.30967454112147313	0.4129159435708108	0.011473403219698391	0.000042187761814534674	0.051069215895660505	6.055201456486144e-6	0.0007299125590853971	0.21481865322908605
3.	11.337576571058772	0.4	0.33631357425585906	0.4148522549518436	0.011538977428617469	0.000042418650407526034	0.05135171942485068	6.2022225542569965e-6	0.0007339335199086931	0.18589485306586742
3.	11.362649975437783	0.4	0.3618379809906929	0.4141580768006777	0.011531385788618736	0.0000423805961979801	0.051312256381263785	6.31089346118047e-6	0.0007333008456676377	0.1611116085490878
3.	11.387723379816794	0.4	0.38623563551599327	0.4113699549734493	0.011465359629395431	0.00004212791971688546	0.05101637142977816	6.3872684902917805e-6	0.0007289539785966193	0.13986416326317666
3.	11.412796784195805	0.4	0.40951444173042906	0.40693622433688653	0.011353230930785914	0.00004170607359048433	0.050518809043528456	6.436606762189007e-6	0.0007216790560873312	0.12162915127801735
3.	11.437870188574816	0.4	0.43169599058085034	0.40122786309812375	0.011205222629169865	0.000041152720032472334	0.049864849881121845	6.463426482228756e-6	0.0007121275245722663	0.10595845766421946
3.	11.46294359295383	0.4	0.4528108046073097	0.3945494122781819	0.01102975001708063	0.00004049884733560088	0.04909162563412979	6.471581631895582e-6	0.0007008353500610513	0.09247143703433047
3.	11.48801699733284	0.4	0.47289386171115705	0.3871483591379401	0.010833705649979968	0.000039769824073501425	0.04822915343848432	6.464345513422135e-6	0.0006882408768448953	0.08084868589285157
3.	11.513090401711851	0.4	0.49198749793791585	0.3792290249850764	0.010622697988842526	0.000038986281889945125	0.04730255771045247	6.444482664362819e-6	0.0006747017025976218	0.07081279061315847
3.	11.538163806090862	0.4	0.5101342944219667	0.3709553816283614	0.010401283256895448	0.00003816497204284784	0.046331834168810496	6.414329843139453e-6	0.000660507678276163	0.06213262722208002
3.	11.563237210469875	0.4	0.5273777449794319	0.3624596272146812	0.010173144354033253	0.000037319426454299336	0.04533310358275629	6.375857112382392e-6	0.0006458929741132227	0.05461268458553063
3.	11.588310614848886	0.4	0.5437614172083779	0.35384784031612676	0.009941245171267843	0.00003646052755232017	0.044319303050000855	6.330723586464026e-6	0.0006310459325206	0.04808740300308788
3.	11.613384019227897	0.4	0.5593283523761899	0.34520467424966716	0.009707958890788591	0.00003559698188326745	0.04330075965566339	6.280325264068528e-6	0.0006161172576211005	0.04241637752054359
3.	11.638457423606908	0.4	0.5741206395871723	0.3365972359397516	0.009475174139035255	0.000034735711841388405	0.0422856639469372	6.225835753745283e-6	0.0006012267892755506	0.03748032483950851
3.	11.66353082798592	0.4	0.5881791180790494	0.3280782813374365	0.009244382547648363	0.000033882178686818155	0.041280459816341514	6.1682407797350115e-6	0.0005864690892132526	0.03317770780005763
3.	11.68860423236493	0.4	0.6015431745963342	0.31968884318042823	0.009016750850240562	0.000033040648432161314	0.040290164887770756	6.108367335463879e-6	0.0005719180394053104	0.02942191746945861
3.	11.713677636743943	0.4	0.6142506118498181	0.31146038990533803	0.008793180190624	0.00003221441049752654	0.03931863348101056	6.046908278058734e-6	0.0005576306237970431	0.02613892325443374
3.	11.738751041122955	0.4	0.6263375701568993	0.30341659850922315	0.008574354888411089	0.000031405957440299455	0.03836877259543167	5.984443063068016e-6	0.0005436500369818984	0.023265313449531463
3.	11.763824445501966	0.4	0.6378384893447722	0.29557481036349054	0.008360782536783589	0.0000306171326905755	0.037442718958745104	5.921455228255217e-6	0.0005300082396329781	0.02074666020828979
3.	11.788897849880977	0.4	0.6487861007242561	0.2879472266558791	0.008152826974021359	0.000029849251989750536	0.0365419844878345	5.858347140394681e-6	0.000516728059190814	0.018536153558878776
3.	11.81397125425999	0.4	0.6592114417750248	0.2805418902468733	0.00795073540307466	0.000029103203240287927	0.035667575557380406	5.795452444945678e-6	0.0005038249172044269	0.016593458361961598
3.	11.839044658639	0.4	0.6691438875392449	0.2733634921199509	0.007754660699972131	0.000028379528611147558	0.034820091072747986	5.733046584044579e-6	0.0004913082497957772	0.014883755992888874
3.	11.864118063018012	0.4	0.6786111944531249	0.2664140338649864	0.007564679769157926	0.000027678492067555557	0.03399980281207683	5.671355693583223e-6	0.00047918267603600114	0.013376939252892794
3.	11.889191467397023	0.4	0.6876395528695504	0.2596933717407774	0.007380808643482034	0.000027000134901144043	0.03320672156935118	5.61056413492466e-6	0.0004674489587760481	0.012046934477802938
3.	11.914264871776034	0.4	0.6962536457964056	0.2531996634298896	0.007203014906242784	0.000026344321391566542	0.03244065126233865	5.55082087961825e-6	0.00045610479478303955	0.01087112946285218
3.	11.939338276155045	0.4	0.7044767114690371	0.24692973459858256	0.007031227903529428	0.00002571077632759001	0.03170123348241461	5.492244925487941e-6	0.00044514546406398107	0.009829889525183218
3.	11.964411680534058	0.4	0.7123306083160811	0.2408793794661255	0.006865347136068836	0.000025099115823477665	0.030987983867306286	5.43492989698536e-6	0.000434564363207177	0.008906147168697823
3.	11.989485084913069	0.4	0.7198358808135806	0.23504360689582054	0.006705249146168899	0.000024508872594769627	0.030300322001510473	5.378947954998496e-6	0.0004243534428734478	0.008085053322369674
3.	12.01455848929208	0.4	0.7270118268015764	0.2294168420405984	0.006550793175683259	0.00002393951671047049	0.02963759579972298	5.324353133802899e-6	0.0004145035670272709	0.007353678312574687
3.	12.03963189367109	0.4	0.733876565753287	0.22399309135460382	0.006401825809664008	0.000023390472612995232	0.028999101577436362	5.271184194731442e-6	0.0004050048075948238	0.006700753848201117
3.	12.064705298050104	0.4	0.7404470923155063	0.21876607286773322	0.00625818465291318	0.000022861132584080765	0.02838409976230834	5.219466964026468e-6	0.0003958466776224078	0.006116469801990841
3.	12.089778702429115	0.4	0.746739343057521	0.21372932606857914	0.006119701443556429	0.0000223508681379896	0.027791828255578233	5.1692164262184605e-6	0.00038701832857437397	0.005592281090201011
3.	12.114852106808126	0.4	0.7527682569886347	0.20887629945858202	0.0059862045441889155	0.00002185903912811696	0.02722151305184238	5.120438482670562e-6	0.00037850870806005444	0.005120746479141201
3.	12.139925511187137	0.4	0.7585478330076103	0.2042004206176599	0.005857520945195515	0.000021385001061820448	0.02667237673428264	5.073131446598913e-6	0.00037030668655132213	0.004695390562743238
3.	12.164998915566148	0.4	0.7640911848904555	0.19969515203421437	0.005733477870325236	0.000020928110954931004	0.026143645231857124	5.027287318217169e-6	0.00036240115882530153	0.004310584574874651
3.	12.190072319945159	0.4	0.769410593676504	0.1953540351763074	0.005613904053007761	0.00002048773197803124	0.025634553208293154	4.9828928721143365e-6	0.00035478112449343946	0.003961443261037544
3.	12.215145724324172	0.4	0.7745175575248523	0.191170724898153	0.005498630741435456	0.000020063237107967792	0.025144348212974166	4.939930584710068e-6	0.00034743575131029934	0.0036437354548924036
3.	12.240219128703183	0.4	0.7794228389472359	0.18713901586858442	0.005387492479159368	0.000019654011956566805	0.02467229392870936	4.898379424490161e-6	0.0003403544242375347	0.0033538063849299395
3.	12.265292533082194	0.4	0.7841365095393215	0.18325286246578915	0.005280327701330655	0.00001925945692409301	0.024217672580566216	4.858215525378449e-6	0.0003335267828160598	0.0030885100405430473
3.	12.290365937461205	0.4	0.7886679922054807	0.17950639330244644	0.005176979178951495	0.000018878988796418548	0.02377978672610496	4.81941275972842e-6	0.00032694274890506165	0.0028451501854602837
3.	12.315439341840218	0.4	0.7930261009839144	0.17589392136941068	0.005077294338670831	0.000018512041887062417	0.023357960510268484	4.78194322545336e-6	0.000320592546538542	0.002621428812623148
3.	12.340512746219229	0.4	0.7972190785674682	0.1724099506130786	0.004981125480874116	0.000018158068807646146	0.022951540473708065	4.7457776597578e-6	0.00031446671534531056	0.002415401018403606
3.	12.36558615059824	0.4	0.8012546315840059	0.1690491796146468	0.004888329914742149	0.00001781654093532516	0.02255989603089822	4.710885789637611e-6	0.00030855611871908256	0.002225435428981983
3.	12.390659554977251	0.4	0.8051399637704415	0.16580650293930496	0.004798770026197696	0.000017486948635598966	0.02218241964813416	4.677236628463749e-6	0.00030285194774962214	0.0020501794306576233
3.	12.415732959356262	0.4	0.8088818071099457	0.16267701061273612	0.0047123132915733185	0.000017168801287568543	0.021818526817676702	4.644798726049652e-6	0.0002973457217297394	0.0018885285680545136
3.	12.440806363735273	0.4	0.8124864510793884	0.1596559861190317	0.004628832248096325	0.000016861627152304674	0.02146765581858323	4.613540379193329e-6	0.0002920292859421538	0.0017395995673688096
3.	12.465879768114286	0.4	0.8159597700583006	0.1567389032278249	0.004548204429865464	0.000016564973116108574	0.021129267374169484	4.5834298078688214e-6	0.0002868948072764932	0.0016027065069155917
3.	12.490953172493297	0.4	0.8193072490475735	0.15392142192354727	0.004470312277044745	0.00001627840433693986	0.02080284417193852	4.554435302342227e-6	0.00028193476816606105	0.0014773397402567147
3.	12.516026576872308	0.4	0.8225340077682413	0.15119938364807028	0.004395043024264917	0.000016001503815927327	0.02048789031346072	4.526525345171484e-6	0.0002771419592239129	0.0013631472168017245
3.	12.54109998125132	0.4	0.8256448232518669	0.1485688060385113	0.004322288573409037	0.000015733871912881383	0.02018393069576732	4.499668711804381e-6	0.0002725094709059334	0.0012599178998206964
3.	12.566173385630332	0.4	0.8286441510035021	0.14602587730463773	0.004251945354908635	0.000015475125820877358	0.01989051035387601	4.473834552714473e-6	0.0002680306844619672	0.0011675670227019493
3.	12.591246790009343	0.4	0.8315361448324664	0.14356695036705944	0.004183914181029067	0.00001522489901259943	0.019607193773621356	4.448992459881833e-6	0.00026369926239486923	0.0010861229543512561
3.	12.616320194388354	0.4	0.8343246754366953	0.14118853685398705	0.004118100093964346	0.000014982840668721281	0.01933356417847313	4.425112519826206e-6	0.0002595091386055576	0.001015715483691615
3.	12.641393598767365	0.4	0.8370133478120574	0.1388873010340498	0.004054412210989248	0.000014748615096502922	0.01906922282214039	4.402165355213593e-6	0.0002554545083658516	0.0009565653403114383
3.	12.931083530086722	0.4	0.8617544376257703	0.11696370674994962	0.003447290978351778	0.000012516412195301893	0.016576956077850497	4.1957743743292e-6	0.00021680783435252908	0.0012408963815081636
3.	13.220773461406079	0.4	0.8781989837786855	0.10145600773445375	0.003017968206673167	0.000010938338773414365	0.014862026815897206	4.078990686962051e-6	0.00018947798309087307	0.002449996134829959
3.	13.510463392725436	0.4	0.8912282754257048	0.090366015219489	0.0027121761966858744	9.813875625863547e-6	0.013693200084723677	4.038494901912545e-6	0.00016999672601973633	0.0019864807028688505
3.	13.800153324044793	0.4	0.9015167956221588	0.0821785686380492	0.0024877744618812467	8.988065524709349e-6	0.012887417828695819	4.053653090616261e-6	0.00015568366322600723	0.000916401730599592
3.	14.08984325536415	0.4	0.9089437784399196	0.07592359725854968	0.0023176119186304944	8.361248510810473e-6	0.012324908822684333	4.108528853491861e-6	0.00014481403127913236	0.0004776337828516185
3.	14.379533186683506	0.4	0.9144066677014164	0.07106846075470291	0.0021869148292736904	7.879098017905021e-6	0.011942300569362256	4.196540697361883e-6	0.00013644765818688468	0.0003835805065294448
3.	14.669223118002863	0.4	0.9186325887559955	0.06725779568005796	0.00208581349313159	7.505335906936609e-6	0.011697589045816336	4.31341450162101e-6	0.00012995662533918172	0.0003143942745900425
3.	14.95891304932222	0.4	0.9219255521596919	0.06422732482351955	0.002006913892591264	7.212840863285013e-6	0.011558501884359446	4.455072650315893e-6	0.0001248712146150072	0.0002700393263242902
3.	15.248602980641577	0.4	0.924508778703761	0.06179012334945223	0.0019449495453579958	6.9823115271600274e-6	0.01150210855057533	4.618436523573004e-6	0.00012085730937554127	0.0002424391028026801
3.	15.538292911960934	0.4	0.9265526544719245	0.05981128167704163	0.0018960850591230186	6.799703002980417e-6	0.011511821934706809	4.801123263008059e-6	0.0001176720007263179	0.00021655603093807818
3.	15.82798284328029	0.4	0.9281718381055594	0.05819039437529594	0.0018574680478907423	6.654578904640072e-6	0.011575019764411198	5.001227840137919e-6	0.00011513462094493844	0.00019362390009797746
3.	16.117672774599647	0.4	0.9294517390635226	0.05685209854904379	0.0018269492982982668	6.539081524243917e-6	0.01168207774399243	5.217218140592744e-6	0.00011310914235182913	0.00017537904547804128
3.	16.407362705919002	0.4	0.930462172958559	0.055739329401200584	0.0018028965720199364	6.4472466378222746e-6	0.011825601421951668	5.447874074162506e-6	0.00011149231722437669	0.00015810452555678478
3.	16.69705263723836	0.4	0.9312467602678385	0.05480746506916414	0.0017840420580097238	6.374444889341182e-6	0.011999559632378901	5.69217308972337e-6	0.0001102038517943797	0.0001501063546296942
3.	16.986742568557716	0.4	0.9318494961820306	0.05402237158173839	0.0017693919346721257	6.317049577735015e-6	0.012199407892639505	5.949259501111408e-6	0.00010918109010089349	0.00014706609984051731
3.	17.276432499877075	0.4	0.9323066605614204	0.05335726704071663	0.0017581641151082478	6.2722078340818896e-6	0.012421515083582734	6.218422582366986e-6	0.00010837475423628096	0.00014390256875551795
3.	17.56612243119643	0.4	0.9326449850222635	0.0527907532191651	0.001749736628882697	6.2376516516010246e-6	0.012662873838092939	6.49906331215168e-6	0.00010774562301076203	0.0001389145766320602
3.	17.85581236251579	0.4	0.9328838957669964	0.05230559797886843	0.001743606967949287	6.211549435424188e-6	0.012920990895433526	6.79065914586162e-6	0.00010726202881494352	0.00013290618217109453
3.	18.145502293835143	0.4	0.9330392144590877	0.0518879301180431	0.0017393699482100087	6.1924245416397235e-6	0.013193805751967125	7.092765384849009e-6	0.0001068984462698946	0.00012639453276561304
3.	18.435192225154502	0.4	0.9331194459162045	0.05152624843796077	0.001736700326123837	6.17909138935369e-6	0.01347945610814279	7.4050147994924525e-6	0.00010663426177136244	0.00012456510537921066
3.	18.724882156473857	0.4	0.9331400726906134	0.051211685496797	0.00173532683966748	6.170561572294532e-6	0.013776654051040515	7.727073425027955e-6	0.00010645253045925282	0.00012236328688429964
3.	19.014572087793216	0.4	0.9331089379658292	0.05093669174007989	0.001735025285498654	6.166018143146017e-6	0.014084194334683237	8.058644070162553e-6	0.00010633917346024239	0.00012092601169574196
3.	19.30426201911257	0.4	0.9330339178430813	0.05069512608177846	0.0017356145828478803	6.164800729659699e-6	0.014401070116557873	8.399486954077583e-6	0.00010628280571633684	0.00011970708805073699
3.	19.59395195043193	0.4	0.9329222889839714	0.05048194854310377	0.0017369465328447215	6.166368426797146e-6	0.014726435763480612	8.749404555132406e-6	0.00010627410550460571	0.0001174644036175173
3.	19.883641881751284	0.4	0.9327781683467651	0.050292865165093584	0.0017388958379411675	6.1702638132296196e-6	0.015059528117309047	9.108216890287487e-6	0.00010630518162089876	0.000115264052187607
3.	20.17333181307064	0.4	0.9326023857048183	0.05012414675955527	0.0017413588416723077	6.176108066076428e-6	0.01539960264812852	9.475350661794266e-6	0.00010636944415905163	0.00011685458709768601
3.	20.463021744389998	0.4	0.9324040288164626	0.049973143810719094	0.0017442507256073326	6.183590668260579e-6	0.015746265874637358	9.850687347038216e-6	0.0001064616408772455	0.00011627649455835457
3.	20.752711675709357	0.4	0.9321850883295103	0.04983731557333149	0.001747496265552578	6.192436360303535e-6	0.016099035918545834	0.000010234333640998884	0.00010657704852141347	0.0001146371430584929
3.	21.04240160702871	0.4	0.9319467989887843	0.049714496393918686	0.0017510315568245766	6.202411061256781e-6	0.016457488395674423	0.000010626157928174196	0.00010671165254987219	0.00011335609580858177
3.	21.332091538348067	0.4	0.9316920372552855	0.049602952014658815	0.0017548063781090543	6.213330057750695e-6	0.01682128477576452	0.000011026065634402958	0.0001068622884012384	0.00011168018048996961
3.	21.621781469667425	0.4	0.9314218785749299	0.049501134485837	0.001758778030841912	6.2250360227838885e-6	0.01719005590668428	0.000011433971745865006	0.00010702623992554594	0.00011049399393829595
3.	21.911471400986784	0.4	0.93113615928322	0.04940766887583816	0.001762908494298576	6.237388833245859e-6	0.017563494237027723	0.000011849789113755239	0.00010720109036606364	0.000111681931668519
3.	22.20116133230614	0.4	0.9308384810625943	0.049321589038259575	0.00176716633006474	6.250272219242412e-6	0.017941448323968094	0.000012273447258176378	0.00010738490113841915	0.00011279152563591424
3.	22.490851263625494	0.4	0.9305309823482466	0.049242011748356254	0.0017715266402476984	6.263593527606187e-6	0.018323740927316274	0.000012704895837295552	0.00010757609691767027	0.00011276984646826915
3.	22.780541194944853	0.4	0.9302142354547978	0.04916811128162696	0.0017759660086182842	6.277265761940435e-6	0.018710195266712054	0.000013144074764840698	0.00010777319813677908	0.0001120706477181696
3.	23.07023112626421	0.4	0.9298885730847579	0.0490991680082853	0.001780464328624492	6.291213998770734e-6	0.019100655867659286	0.000013590929173354358	0.00010797493119102505	0.0001112565675008767
3.	23.359921057583566	0.4	0.92955431509822	0.04903455877277526	0.0017850070774276447	6.305383371880658e-6	0.01949487561392224	0.000014045429922720271	0.00010818034111814966	0.0001108926243603009
3.	23.64961098890292	0.4	0.9292121020033058	0.04897376716575847	0.001789579892372539	6.319719864463419e-6	0.019892738419564168	0.000014507537109119816	0.00010838851819757005	0.00011098526202539885
3.	23.93930092022228	0.4	0.9288628261650479	0.04891636539997533	0.0017941692103813803	6.334172543351721e-6	0.02029416497170729	0.000014977204919214185	0.0001085986244765436	0.00011116287542554601
3.	24.22899085154164	0.4	0.9285068263746102	0.048861955552200194	0.0017987644290588453	6.3487011625656e-6	0.020699049357512832	0.00001545439973859542	0.00010880998355702139	0.00011160118571672956
3.	24.518680782860994	0.4	0.9281453336417401	0.048810239604865996	0.0018033584039555584	6.363277886301381e-6	0.021107317763955184	0.00001593910832208669	0.00010902213028555032	0.00011144819927474611
3.	24.80837071418035	0.4	0.927778497800876	0.0487609080360237	0.0018079433932098232	6.377872952068996e-6	0.021518885492961354	0.000016431304956898593	0.00010923456497724148	0.00011095609902020062
3.	25.098060645499707	0.4	0.9274051375854068	0.04871361713325057	0.0018125128003945435	6.392460806729316e-6	0.021933647945375355	0.000016930966141151608	0.00010944683432225745	0.00011176110862487834
3.	25.387750576819066	0.4	0.9270271857014876	0.048668226712719566	0.0018170626864162907	6.4070254205227795e-6	0.022351559911947587	0.000017438088171917624	0.00010965869157961593	0.00011211987383654559
3.	25.67744050813842	0.4	0.9266450711284652	0.04862454565090395	0.0018215878154464113	6.421546326572603e-6	0.022772574459162295	0.00001795265008800678	0.00010986980608733112	0.000111846749607597
3.	25.967130439457776	0.4	0.9262583883196144	0.048582363087941116	0.0018260829702465024	6.436003252310717e-6	0.023196621450150254	0.000018474625125398037	0.00011007984118667056	0.00011163354367004288
3.	26.256820370777135	0.4	0.9258673394382818	0.048541521923482905	0.0018305448563827062	6.450382820452292e-6	0.02362365067949214	0.000019004000579787737	0.00011028857698728474	0.0001114887189601968
3.	26.54651030209649	0.4	0.9254725966638507	0.04850190867634964	0.001834971755931811	6.464677313937457e-6	0.024053642286212935	0.000019540776545868264	0.00011049588914438794	0.00011087516379507806
3.	26.836200233415845	0.4	0.9250727499599788	0.04846331413757138	0.0018393607551854718	6.478874898391651e-6	0.02448647810287119	0.00002008493704221012	0.00011070155867369302	0.00011153323245256461
3.	27.125890164735203	0.4	0.9246689575148803	0.048425684912324365	0.0018437094657706035	6.492965681134462e-6	0.02492216456959485	0.000020636469619124794	0.0001109054480052402	0.00011235410212960192
3.	27.415580096054562	0.4	0.924261983551713	0.048388956670073056	0.001848017310939423	6.506946232571134e-6	0.02536068540008615	0.00002119537881410706	0.00011110750795397058	0.00011265474214173371
3.	27.705270027373917	0.4	0.9238518245360456	0.04835303580885911	0.0018522826685023063	6.52080951703574e-6	0.02580200605775157	0.000021761655603689078	0.00011130762573593506	0.00011256846372065255
3.	27.994959958693272	0.4	0.9234382494376033	0.048317826565551614	0.001856503796766014	6.534548150403338e-6	0.026246094526011638	0.000022335287084631914	0.00011150568165183219	0.00011245583883236557
3.	28.28464989001263	0.4	0.9230214016848926	0.048283260914187213	0.0018606803385085866	6.548159688741199e-6	0.026692920072064915	0.000022916274692715486	0.0001117016361564154	0.00011227255596528082
3.	28.57433982133199	0.4	0.9226009350167145	0.04824925165216553	0.0018648120803544954	6.561642254820804e-6	0.02714241858973087	0.000023504620363329534	0.00011189545015335703	0.00011251639841648037
3.	28.864029752651344	0.4	0.9221773352458535	0.04821576584563106	0.0018688975978379768	6.574989767225386e-6	0.02759459966444385	0.00002410031039463598	0.00011208704199968979	0.00011272634607170651
3.	29.153719683970703	0.4	0.9217504368910944	0.04818274033010783	0.001872935942955137	6.588197876281469e-6	0.028049435246829096	0.000024703334605560325	0.00011227634358645858	0.00011316005653172131
3.	29.443409615290058	0.4	0.9213207712491085	0.04815015359734927	0.0018769277717634464	6.601267925310751e-6	0.02850692498291482	0.00002531370265741619	0.00011246338303207443	0.0001133074282812438
3.	29.733099546609417	0.4	0.9208883324222771	0.04811796069379994	0.0018808728233025104	6.614198078036318e-6	0.02896704614434696	0.000025931411681940433	0.00011264813345854995	0.00011324230651353281
3.	30.02278947792877	0.4	0.9204527100566576	0.04808609892807836	0.0018847707420981265	6.62698621020147e-6	0.029429753284710834	0.000026556481817405554	0.00011283055683448055	0.00011348352042744175
3.	30.31247940924813	0.4	0.9200140849329066	0.048054540601526724	0.0018886221923861753	6.639633824401521e-6	0.029895027397716475	0.000027189202267320843	0.00011301067925977419	0.00011389603937230625
3.	30.602169340567485	0.4	0.9195730265596004	0.048023283464980714	0.0018924272938742306	6.652140546831615e-6	0.030362884979246874	0.000027829281305053057	0.00011318850810164435	0.00011389628044591524
3.	30.891859271886844	0.4	0.9191292222964874	0.047992280924804426	0.0018961854044657904	6.664503362743618e-6	0.030833307349509485	0.000028476706058305673	0.00011336399625742267	0.00011386281531183817
3.	31.1815492032062	0.4	0.9186825402539407	0.0479614984616468	0.0018998963492134957	6.676720934921813e-6	0.031306270003903694	0.00002913146922184574	0.00011353712458504952	0.00011398674113854979
3.	31.471239134525554	0.4	0.9182334046653573	0.047930932943822814	0.001903561194188596	6.68879631995032e-6	0.031781772755412545	0.000029793581895832864	0.00011370794806362012	0.00011384606300296474
3.	31.760929065844913	0.4	0.9177813492452433	0.047900535969996855	0.0019071799597959102	6.700728929763628e-6	0.03225977463370419	0.000030463038835872394	0.0001138764524181497	0.00011399642349405742
3.	32.050618997164264	0.4	0.9173263313500939	0.04787028448272046	0.0019107525624322717	6.71251784024653e-6	0.03274026736103254	0.000031139832667496335	0.00011404262701333984	0.00011451189321309146
3.	32.34030892848362	0.4	0.9168688972366635	0.04784018832946087	0.0019142798379748324	6.724165385004428e-6	0.03322326799289113	0.00003182397053747323	0.00011420651955282373	0.00011481846708715632
3.	32.62999885980298	0.4	0.9164091201999144	0.04781023358598886	0.001917762201923027	6.7356724462152225e-6	0.033708767704290876	0.000032515452649358354	0.00011436814789642413	0.00011486518278727015
3.	32.91968879112234	0.4	0.9159468191039795	0.0477803944456341	0.0019211995940670397	6.747038259784689e-6	0.03419675068023241	0.00003321427078219119	0.00011452750147240043	0.0001148748670450131
3.	33.2093787224417	0.4	0.9154819865188241	0.04775065542438465	0.001924592368003126	6.758263538496595e-6	0.03468720837953046	0.00003392042318189165	0.00011468459433733332	0.00011487862253731218
3.	33.49906865376106	0.4	0.9150145376606392	0.04772099719374126	0.0019279415345996947	6.76935132491386e-6	0.03518011726138818	0.000034633919394480285	0.00011483947248676586	0.00011500307891224026
3.	33.78875858508041	0.4	0.9145445600777228	0.04769141227274877	0.00193124702748028	6.780300899529529e-6	0.03567548089237848	0.0000353547503554061	0.00011499213138943877	0.00011516467841475586
3.	34.07844851639977	0.4	0.9140719666398948	0.0476618845857149	0.0019345087903904867	6.791111598768449e-6	0.03617329323517466	0.000036082906278918296	0.000115142563936934	0.00011547273094750232
3.	34.36813844771912	0.4	0.913597006660162	0.047632416207408906	0.001937727712697495	6.801786097721524e-6	0.03667355892689112	0.00003681839449209097	0.00011529081742958104	0.00011567031225068886
3.	34.65782837903848	0.4	0.9131197306294969	0.047602999615364905	0.0019409042999434134	6.812325741504044e-6	0.03717627669171058	0.00003756121543029129	0.00011543691622376289	0.00011571522231239306
3.	34.947518310357836	0.4	0.9126400257766465	0.047573619471093884	0.001944038749605031	6.822730810892809e-6	0.03768143487897761	0.00003831136347566304	0.00011558086621538855	0.00011574702939042003
3.	35.237208241677195	0.4	0.9121576054892325	0.047544251104588944	0.001947131672464424	6.833003053451225e-6	0.03818900251504535	0.000039068840651622714	0.0001157226908921942	0.00011610737496368234
3.	35.52689817299655	0.4	0.9116730240352322	0.047514916289816675	0.001950183824810379	6.843144742434535e-6	0.03869901423652319	0.00003983365269817869	0.00011586243763660496	0.00011618481617694382
3.	35.81658810431591	0.4	0.9111860895034789	0.047485597506878294	0.001953195166497198	6.853155370884383e-6	0.039211461493482876	0.00004060578898342225	0.0001160000993879366	0.00011619738530842944
3.	36.10627803563526	0.4	0.9106966350906981	0.04745627903666931	0.001956165731132617	6.863034705043596e-6	0.03972633389343792	0.00004138523972449147	0.0001161356734338735	0.00011633797363252985
3.	36.39596796695462	0.4	0.9102048950244235	0.04742696650650712	0.0019590964344125836	6.872785619322913e-6	0.04024363993010621	0.000042172013524386115	0.0001162692093753697	0.00011635730540689865
3.	36.68565789827397	0.4	0.909710783773567	0.047397649119299536	0.001961987670367026	6.882409170295468e-6	0.040763372232462104	0.00004296610822953449	0.00011640072445647107	0.00011635868690455103
3.	36.97534782959333	0.4	0.9092140140716359	0.04736830571541291	0.001964839609620931	6.891905643004447e-6	0.04128551053865602	0.00004376751660245403	0.00011653022085252699	0.00011667064242874142
3.	37.26503776091269	0.4	0.9087149004519451	0.04733894797903341	0.001967652778653198	6.901276582363053e-6	0.04181007883861943	0.00004457623942952446	0.00011665773048104062	0.00011694243573693447
3.	37.55472769223205	0.4	0.9082135826300811	0.047309578198505835	0.001970427850676001	6.910524058767435e-6	0.042337085347685856	0.000045392280894784234	0.00011678328930999715	0.0001170231680976408
3.	37.84441762355141	0.4	0.9077099306917104	0.04728018490807739	0.001973164930644813	6.91964816004898e-6	0.04286652675840107	0.000046215632302974116	0.00011690689955509015	0.00011705743070335173
3.	38.134107554870766	0.4	0.9072038570616686	0.04725075911802592	0.001975864228226411	6.928649351546187e-6	0.0433984012191644	0.00004704628702159528	0.00011702856959505999	0.00011714343654151138
3.	38.42379748619012	0.4	0.9066954580643328	0.047221301392635695	0.0019785265989395676	6.937530372985221e-6	0.043932710604788296	0.00004788425370437326	0.00011714834392269661	0.00011718155522625479
3.	38.71348741750948	0.4	0.9061846155582963	0.04719180158530633	0.001981152249477601	6.946291697939922e-6	0.04446945113420022	0.00004872952587785564	0.00011726623028556117	0.00011730365514373703
3.	39.00317734882883	0.4	0.9056713293946369	0.047162256427108806	0.0019837412111271342	6.954933193958518e-6	0.04500863491769594	0.00004958209260450416	0.00011738222998193484	0.0001175010236327545
3.	39.29286728014819	0.4	0.9051556708769412	0.04713266620101312	0.00198629399232617	6.9634564100698145e-6	0.045550270561060584	0.00005044195444301361	0.00011749636973193282	0.00011769295780588579
3.	39.582557211467545	0.4	0.9046377395405163	0.04710303283949291	0.001988811175571778	6.971863162846275e-6	0.046094369135260126	0.00005130911412333056	0.00011760868056978764	0.00011776633187271512
3.	39.872247142786904	0.4	0.904117448638963	0.0470733487419858	0.00199129294502689	6.980153880093239e-6	0.04664093311484161	0.00005218356433472249	0.0001177191699115134	0.00011781284096784583
3.	40.16193707410626	0.4	0.9035946396551222	0.04704360239411988	0.0019937396221267212	6.988329478305959e-6	0.047189955099938015	0.00005306539281514245	0.00011782785069758766	0.00011800950639972996
3.	40.451627005425614	0.4	0.9030695293749027	0.04701380249938591	0.001996151905043701	6.996392201526169e-6	0.047741456936921375	0.00005395459035137977	0.0001179347621652648	0.0001181083011934092
3.	40.74131693674497	0.4	0.9025420853697235	0.04698394500309165	0.0019985298781532088	7.004342149110166e-6	0.04829545039016535	0.00005485107511866874	0.00011803990787452905	0.00011813394159854163
3.	41.031006868064324	0.4	0.9020121653842981	0.04695402006585655	0.0020008735547829976	7.012179178137211e-6	0.048851938569648666	0.00005575483400798057	0.00011814328569488117	0.00011823541222760053
3.	41.32069679938368	0.4	0.9014798538026252	0.046924029761550044	0.002003183457533157	7.019904936854845e-6	0.04941093646850271	0.000056665867772383736	0.00011824492353238468	0.00011831073707966461
3.	41.61038673070304	0.4	0.9009451943996356	0.04689397415613432	0.002005460027492061	7.0275207937293585e-6	0.04997245790039951	0.000057584175147984233	0.00011834484442302746	0.00011830182039679338
3.	41.9000766620224	0.4	0.9004079528981609	0.04686383857806579	0.0020077034119987836	7.035027093597887e-6	0.050536494556965086	0.00005850974638507549	0.00011844305122184232	0.00011846578133077601
3.	42.18976659334176	0.4	0.8998682209349133	0.046833626140329994	0.0020099138552642066	7.04242452637045e-6	0.05110307119582952	0.000059442574551855566	0.00011853955804925687	0.00011868287458479537
3.	42.47945652466112	0.4	0.8993261514411799	0.04680334301421748	0.002012091934710435	7.049714954776779e-6	0.051672212592527335	0.000060382662524555825	0.00011863439697179642	0.00011876863988553171
3.	42.76914645598047	0.4	0.8987816590275466	0.046772982979811056	0.002014237761147589	7.056898611688958e-6	0.05224392968505787	0.00006132999942092192	0.00011872757197247001	0.00011880364840428231
3.	43.05883638729983	0.4	0.898234642684494	0.04674253907998297	0.002016351414954113	7.06397562839931e-6	0.052818233108001496	0.00006228457308471566	0.00011881908521298694	0.00011888516385426262
3.	43.34852631861918	0.4	0.8976851897224226	0.04671201420737819	0.002018433422171749	7.070947702295222e-6	0.05339514434588455	0.00006324638493216536	0.00011890896492699157	0.00011890096950843698
3.	43.63821624993854	0.4	0.8971331631567917	0.04668139935351003	0.002020484071021675	7.0778157020561615e-6	0.05397466613877373	0.00006421542912854121	0.00011899722301880466	0.00011899403507225487
3.	43.927906181257896	0.4	0.8965785836289557	0.04665069449379076	0.0020225033730138318	7.084579531438688e-6	0.05455682716920672	0.00006519169118520713	0.00011908386060443225	0.00011911506431633995
3.	44.217596112577255	0.4	0.896021422564277	0.046619896760658426	0.002024491532361693	7.091239773548173e-6	0.05514164632551346	0.0000661751623016475	0.00011916888751510756	0.00011927641511425696
3.	44.50728604389661	0.4	0.8954617762871018	0.04658900983836516	0.002026449040241449	7.097798020679045e-6	0.05572915134889522	0.00006716584305216603	0.00011925233043788421	0.00011934984432354634
3.	44.796975975215965	0.4	0.8948995746587937	0.04655802879996508	0.0020283760164933845	7.104254568304632e-6	0.056319360791124914	0.00006816372193073496	0.00011933419416446964	0.00011939175712392253
3.	45.08666590653532	0.4	0.8943393376966751	0.04652718748236445	0.0020302830780413133	7.110646479590638e-6	0.05690741780656965	0.00006916914474682248	0.00011941510023441778	0.00011949414512311268
3.	45.37635583785468	0.4	0.8937878648771909	0.046496838269286404	0.0020321861342558895	7.117029350522274e-6	0.05748621416764658	0.00007018265939805118	0.00011949598036992621	0.00011959686287169036
3.	45.66604576917404	0.4	0.8932346919651262	0.046466435880704836	0.002034061515614481	7.123320166196714e-6	0.05806685584076705	0.00007120345807901782	0.0001195754417690221	0.00011962801954225333
3.	45.95573570049339	0.4	0.892679733985388	0.04643597484203984	0.0020359092812269456	7.129519023175291e-6	0.05864933159171482	0.00007223152997202387	0.00011965348588782371	0.00011968925063517155
3.	46.24542563181275	0.4	0.8921229982833591	0.04640545451787847	0.002037729703527899	7.135626768379237e-6	0.05923363583168051	0.00007326687160307463	0.00011973012669859247	0.00011977916518261106
3.	46.53511556313211	0.4	0.891564581040031	0.04637487892768258	0.0020395232618187387	7.141644976215767e-6	0.05981976869576723	0.00007430948711995574	0.00011980539029481434	0.00011979694260427776
3.	46.82480549445147	0.4	0.8910043854575159	0.04634424196047415	0.002041290110157544	7.147574085151961e-6	0.060407713722846486	0.00007535936910426741	0.00011987928266602855	0.00011986180581647493
3.	47.11449542577082	0.4	0.8904423739344101	0.04631354074833033	0.0020430304207275664	7.153414600074706e-6	0.06099746162183581	0.00007641651074512495	0.00011995181187310735	0.00012002334935104497
3.	47.40418535709018	0.4	0.8898787048529616	0.0462827828212027	0.0020447446596046745	7.159168057704895e-6	0.061589021382309546	0.00007748091635941127	0.00012002300456645546	0.0001201061995043523
3.	47.69387528840954	0.4	0.889313359305772	0.04625196637633284	0.002046433014066345	7.164835021252833e-6	0.06218238596430603	0.00007855258000704572	0.00012009286993128838	0.0001201379244944456
3.	47.983565219728895	0.4	0.8887462771917969	0.0462210874938788	0.002048095579113472	7.17041573350673e-6	0.0627775451324932	0.00007963149212387608	0.00012016141171600327	0.00012019269486025774
3.	48.27325515104825	0.4	0.8881774940209692	0.04619014725036381	0.002049732672441032	7.175911219473915e-6	0.06337449506281395	0.00008071765170092533	0.00012022864671384326	0.00012023743049156821
3.	48.562945082367605	0.4	0.8876070124337971	0.04615914488308203	0.002051344677385546	7.181322736356215e-6	0.06397322483753361	0.0000818110605149489	0.00012029459581856294	0.0001202807849503551
3.	48.852635013686964	0.4	0.8870348045223156	0.04612807832211558	0.0020529316727493797	7.186650477565132e-6	0.06457372880658029	0.00008291170853680396	0.00012035925957777818	0.00012035831722473356
3.	49.14232494500632	0.4	0.8864608646772443	0.04609694668036281	0.00205449378785401	7.191894815697779e-6	0.06517600285801575	0.00008401958757875953	0.00012042264608368362	0.00012048051412870409
3.	49.432014876325674	0.4	0.8858852876834409	0.04606575423871865	0.002056031452133442	7.197057176120829e-6	0.06578004798160939	0.00008513470172688839	0.00012048477888974343	0.00012054688519462509
3.	49.72170480764503	0.4	0.8853080592649403	0.04603449962425342	0.0020575448451526563	7.202138111604965e-6	0.06638585704876268	0.00008625704509305323	0.00012054566687648649	0.00012058003368632664
3.	50.01139473896439	0.4	0.8847291398046602	0.046003180163167914	0.0020590340896345085	7.207137978028756e-6	0.06699342074808733	0.000087386613363879	0.00012060531557512826	0.0001206314431081712
3.	50.30108467028374	0.4	0.8841485233570091	0.045971794779643485	0.0020604995436039127	7.212057956886195e-6	0.06760272659102379	0.0000885235028827363	0.00012066374297103796	0.00012072016788007567
3.	50.5907746016031	0.4	0.8835662942680129	0.04594034745518651	0.002061941458841349	7.216898859671084e-6	0.06821377984045925	0.0000896676145551144	0.00012072096349631879	0.0001207524640851887
3.	50.88046453292246	0.4	0.8829824035343098	0.04590883512823946	0.0020633598917114866	7.221660815772212e-6	0.06882657157391012	0.00009081893690057151	0.00012077697916496796	0.00012078927411278417
3.	51.17015446424182	0.4	0.8823968253070645	0.045877255933890505	0.0020647549732155	7.226344217650968e-6	0.06944109368805994	0.00009197746148926286	0.00012083179618560506	0.00012086629206260746
3.	51.45984439556117	0.4	0.8818096453040575	0.04584561382036747	0.0020661270973978078	7.230950380122736e-6	0.07005734666275858	0.00009314319164630454	0.00012088543614134024	0.00012089297339225313
3.	51.74953432688053	0.4	0.8812208345922073	0.04581390676977696	0.002067476408071901	7.235479743887254e-6	0.07067532126009708	0.00009431611973939159	0.00012093790581673047	0.00012090937036342286
3.	52.03922425819989	0.4	0.8806303116153741	0.04578212993054432	0.002068803028385098	7.239932678970847e-6	0.07129499994403601	0.00009549623706250894	0.00012098920981046274	0.0001210193119190045
3.	52.328914189519246	0.4	0.8800381909516349	0.04575028896141261	0.002070107263246029	7.244310193074223e-6	0.07191639096314252	0.00009668354345103063	0.00012103936614178313	0.00012109400691980021
3.	52.6186041208386	0.4	0.8794444904703358	0.045718384356749256	0.002071389328361094	7.248612983231003e-6	0.07253948987643125	0.00009787803475057114	0.00012108838587914449	0.00012111932038880169
3.	52.908294052157956	0.4	0.8788491679464553	0.0456864134964908	0.002072649299590046	7.252841258578923e-6	0.07316428711040247	0.00009907970023395042	0.00012113627213064228	0.0001211496055688599
3.	53.197983983477314	0.4	0.878252217130376	0.045654375640006364	0.002073887338865147	7.256995530914725e-6	0.07379077579588186	0.00010028853314524114	0.00012118303302258531	0.00012119856619442759
3.	53.48767391479667	0.4	0.8776536917679718	0.04562227312904499	0.0020751037934937286	7.26107696208432e-6	0.07441895233582958	0.00010150453577447033	0.00012122868714611739	0.0001212133609233279
3.	53.777363846116025	0.4	0.8770535398989957	0.04559010281825805	0.002076298763263707	7.265085849139657e-6	0.07504880398314287	0.00010272769858784993	0.00012127323860820659	0.00012126175190267652
3.	54.06705377743538	0.4	0.8764517630859578	0.045557864522106896	0.0020774723171983816	7.2690223828194225e-6	0.07568032834838746	0.00010395801048324251	0.00012131669102633524	0.00012134469348334953
3.	54.35674370875474	0.4	0.8758484203578187	0.045525560951047844	0.0020786247539236625	7.27288755851698e-6	0.07631352441187006	0.000105195471734872	0.00012135906064843728	0.0001214011660463088
3.	54.6464336400741	0.4	0.8752435236076157	0.045493192372275545	0.0020797562621568733	7.276681988262152e-6	0.07694838702183385	0.00010644007732843473	0.00012140035728599869	0.00012142397680132977
3.	54.93612357139345	0.4	0.8746370440672492	0.045460756946164305	0.0020808669353904203	7.280405952102059e-6	0.07758490728113855	0.00010769181741499495	0.00012144058517784267	0.00012145254669045091
3.	55.22581350271281	0.4	0.8740289697060365	0.04542825364429335	0.0020819569693308446	7.284060088873518e-6	0.07822307506586208	0.00010895068733526254	0.00012147975400931723	0.00012150986705307398
3.	55.51550343403217	0.4	0.8734193564255386	0.04539568505709948	0.0020830266458622135	7.287645340022913e-6	0.0788628891903585	0.00011021668715698578	0.00012151787911596665	0.00012153834864421509
3.	55.80519336535153	0.4	0.8728081899539263	0.04536305019916376	0.002084076019137946	7.29116185132953e-6	0.07950434461571818	0.0001114898051331709	0.00012155496304401123	0.00012155824506933366
3.	56.09488329667088	0.4	0.8721954385664481	0.0453303471233753	0.002085105159123679	7.294609824976836e-6	0.08014743225342029	0.00011277003013849078	0.0001215910087861748	0.00012161225766917083
3.	56.38457322799024	0.4	0.871581160992614	0.04529757858897188	0.0020861143531122656	7.2979902244869935e-6	0.08079215113598176	0.00011405736277053548	0.00012162603199720375	0.00012163957632510547
3.	56.6742631593096	0.4	0.8709653595177781	0.045264744426427875	0.0020871037549738585	7.301303547585765e-6	0.08143849504247372	0.00011535179661202042	0.00012166004053599846	0.00012164415818684271
3.	56.963953090628955	0.4	0.8703479803539512	0.04523184147747186	0.0020880734603912175	7.304550089410986e-6	0.08208644915343212	0.00011665332199357857	0.00012169303824096457	0.00012169768267059067
3.	57.25364302194831	0.4	0.8697290611278777	0.04519887148247105	0.002089023649478062	7.3077304414052605e-6	0.08273601262910375	0.00011796193401858839	0.00012172503497598472	0.00012176144660941413
3.	57.543332953267665	0.4	0.8691086547314747	0.04516583696469779	0.0020899545541191106	7.31084537701181e-6	0.08338718554804377	0.00011927763085911651	0.00012175604349539312	0.00012177972542851134
3.	57.833022884587024	0.4	0.8684867320401397	0.04513273615934686	0.0020908662385392463	7.313895084057078e-6	0.08403995890587183	0.00012060040125155175	0.00012178606654128263	0.00012179235976672587
3.	58.12271281590638	0.4	0.8678632729910108	0.045099567776454144	0.0020917587894940656	7.3168798300590595e-6	0.08469432433587581	0.00012193023509699934	0.00012181510816037838	0.00012182899223805999
3.	58.412402747225734	0.4	0.8672383338991448	0.04506633449877907	0.0020926324788150853	7.319800530759734e-6	0.08535028076771482	0.00012326713310711635	0.00012184318316709592	0.00012183142190830276
3.	58.70209267854509	0.4	0.8666118743168697	0.04503303389552183	0.0020934874307961537	7.3226575866165505e-6	0.08600781384871056	0.00012461108751880956	0.00012187029708066711	0.0001218567629963363
3.	58.99178260986445	0.4	0.8659838971669461	0.0449996659806732	0.00209432369610434	7.325451141349618e-6	0.0866669210651402	0.00012596208628029367	0.00012189645258697532	0.00012190455371448305
3.	59.2814725411838	0.4	0.8653544285015389	0.044966231897416886	0.0020951414545778385	7.328181791268616e-6	0.0873275990006765	0.00012732012496975557	0.00012192165929191391	0.00012195083902886983
3.	59.57116247250316	0.4	0.8647235011377398	0.04493273313748423	0.0020959409092341625	7.330850214489465e-6	0.08798984463069931	0.00012868520074180539	0.00012194592809242369	0.00012196413388622374
3.	59.86085240382252	0.4	0.8640910942823383	0.044899168409708964	0.0020967221342276018	7.333456639125512e-6	0.08865364939893705	0.00013005730297950327	0.00012196926237677368	0.00012197501516941767
3.	60.15054233514188	0.4	0.8634571957985193	0.044865536862834725	0.0020974852375517934	7.336001412361796e-6	0.08931900487696058	0.00013143645965186986	0.0001219916673956543	0.00012200476306933883
3.	60.44023226646123	0.4	0.862821836545623	0.044831839838823676	0.0020982304743229568	7.338485396628974e-6	0.08998590499927124	0.00013282266959261987	0.0001220131566079218	0.00012202698696980874
3.	60.72992219778059	0.4	0.8621850258978646	0.04479807770825531	0.002098957911505846	7.340908796952095e-6	0.09065434764246896	0.00013421588810187606	0.00012203373363012314	0.00012203404300643872
3.	61.01961212909995	0.4	0.8615467374658609	0.04476424891470209	0.0020996675980520657	7.343271756019735e-6	0.09132432371696667	0.0001356161025970394	0.00012205340047113194	0.0001220629300652809
3.	61.309302060419306	0.4	0.8609070002427319	0.044730354781593214	0.002100359718516833	7.345574891413553e-6	0.09199582982976079	0.00013702330917610093	0.00012207216701563183	0.0001220865433297219
3.	61.59899199173866	0.4	0.8602658365439042	0.0446963962874707	0.002101034442201256	7.3478187679675515e-6	0.09266886183480931	0.0001384375031209113	0.00012209004225105342	0.00012208556972564955
3.	61.888681923058016	0.4	0.8596232188588385	0.044662371797204684	0.0021016918435812306	7.350003619481085e-6	0.0933434088832518	0.00013985867353645044	0.00012210702943567752	0.0001220999399678263
3.	62.178371854377374	0.4	0.8589791392665337	0.04462828070628681	0.002102332035149212	7.352129813293416e-6	0.0940194624962088	0.0001412868120004244	0.00012212313411428199	0.00012214655400777374
3.	62.46806178569673	0.4	0.8583336596344648	0.044594126115404434	0.0021029552260182494	7.3541980552004386e-6	0.09469702531480992	0.00014272191672382042	0.0001221383680398993	0.00012215759452353925
3.	62.757751717016085	0.4	0.8576867650268903	0.04455990708876269	0.002103561484499237	7.356208559140718e-6	0.09537608935650334	0.00014416397650457818	0.0001221527344047158	0.0001221568582806809
3.	63.04744164833544	0.4	0.8570384348474711	0.04452562239822461	0.002104150865512998	7.358161492774345e-6	0.0960566458290342	0.00014561297911811773	0.00012216623561793954	0.00012217491914619238
3.	63.3371315796548	0.4	0.8563887035003231	0.04449127367472763	0.002104723559595529	7.360057498531587e-6	0.09673869195532142	0.00014706892168603192	0.00012217888195627794	0.0001221783308477109
3.	63.62682151097416	0.4	0.855737568782899	0.04445686061128036	0.002105279704810666	7.361897035847048e-6	0.09742221897506133	0.0001485317978337146	0.0001221906803475165	0.00012217823107912862
3.	63.91651144229351	0.4	0.8550850150981688	0.0444223822597508	0.002105819355125882	7.363680270575384e-6	0.09810721897776516	0.00015000159534286258	0.00012220163324640595	0.00012219903357590933
3.	64.20620137361287	0.4	0.8544310546730163	0.04438783914409767	0.0021063426089812033	7.3654075245755e-6	0.09879368833878868	0.00015147830509262545	0.00012221174587976512	0.0001222315224989612
3.	64.49589130493223	0.4	0.8537757269456214	0.044353233174386233	0.002106849660691448	7.36707945542648e-6	0.09948162515752988	0.0001529619248986658	0.00012222102880523312	0.00012223605741691623
3.	64.78558123625159	0.4	0.8531190201165784	0.04431856360012863	0.0021073405789727817	7.368696281970678e-6	0.10017102154238268	0.00015445244363928472	0.00012222948528568302	0.00012223302201627706
3.	65.07527116757095	0.4	0.8524609214270817	0.04428382962225658	0.002107815430617564	7.3702582167773344e-6	0.10086186932818697	0.0001559498499762737	0.00012223711846749962	0.000122244083664097
3.	65.36496109889029	0.4	0.8518014523806461	0.044249032177330117	0.0021082744121167117	7.371765926360279e-6	0.10155416197835482	0.00015745414213784583	0.0001222439386583393	0.00012225314348807137
3.	65.65465103020966	0.4	0.8511406261086015	0.0442141718539196	0.002108717616005206	7.373219714154261e-6	0.10224789619817316	0.00015896531088236906	0.0001222499507992369	0.00012224969270398234
3.	65.94434096152901	0.4	0.850478428519271	0.044179247811010916	0.002109145084021011	7.374619706397912e-6	0.10294306454218945	0.0001604833430906925	0.0001222551567526657	0.00012225608071050886
3.	66.23403089284837	0.4	0.8498148653868492	0.04414426022729709	0.002109556920591	7.375966248932574e-6	0.10363966116327321	0.00016200823030666133	0.00012225956190693745	0.0001222721054338488
3.	66.52372082416773	0.4	0.8491499702131265	0.04410921072274265	0.0021099532995970996	7.377259930835162e-6	0.10433768353262347	0.00016353996949784342	0.00012226317566912858	0.00012226500248155303
3.	66.81341075548708	0.4	0.8484837314810335	0.04407409857967751	0.0021103342837671497	7.3785009529176135e-6	0.10503712356038146	0.0001650785491791232	0.00012226600099809275	0.00012225504500833206
3.	67.10310068680644	0.4	0.8478161240567502	0.04403892232316562	0.0021106999523946256	7.3796895742907275e-6	0.10573796861806933	0.00016662395905031095	0.00012226804141131863	0.0001222814009955997
3.	67.39279061812579	0.4	0.8471472011758653	0.04400368466034719	0.002111050471674974	7.380826358266729e-6	0.1064402215058563	0.00016817619582229238	0.00012226930631599277	0.00012228516407569723
3.	67.68248054944516	0.4	0.8464769619983977	0.043968385440944203	0.0021113859223132465	7.381911569606926e-6	0.10714387571676938	0.00016973524951819052	0.00012226979977650014	0.00012227376048765115
3.	67.9721704807645	0.4	0.8458053909907272	0.0439330237514797	0.002111706349504123	7.382945349270858e-6	0.1078489227259844	0.000171301107269031	0.00012226952379067074	0.00012227212968632384
3.	68.26186041208386	0.4	0.8451325002736048	0.04389760011566204	0.0021120118678435037	7.38392808120231e-6	0.10855535739921589	0.00017287376177410548	0.00012226848437081798	0.00012227265381850594
3.	68.55155034340322	0.4	0.8444583121617915	0.04386211557809109	0.0021123026271468157	7.384860272803605e-6	0.10926317535363941	0.00017445320872470116	0.00012226668948985773	0.0001222562103337238
3.	68.84124027472258	0.4	0.8437828044441859	0.043826568853977996	0.0021125786835496816	7.3857421042783695e-6	0.10997236541020478	0.00017603943618759853	0.00012226414155718825	0.00012225742978981546
3.	69.13093020604194	0.4	0.8431059835913198	0.043790960221586975	0.002112840093384426	7.386573756838202e-6	0.1106829239582564	0.00017763243225203275	0.00012226084355672654	0.00012227312944350366
3.	69.42062013736128	0.4	0.8424278836438696	0.043755291354211204	0.002113087019715815	7.387355785143896e-6	0.11139484892055009	0.00017923219395047402	0.00012225680435125607	0.00012226951191772473
3.	69.71031006868066	0.4	0.8417485029216016	0.04371956207034491	0.0021133195366314296	7.388088433083808e-6	0.11210813349528204	0.00018083871095368653	0.00012225202764928086	0.00012225517675322484
3.	70.	0.4	0.8410678304843191	0.043683771708093386	0.0021135376953176008	7.388771864780219e-6	0.11282276953436966	0.00018245197094454092	0.00012224651583076635	0.0001222498350909318