2.	1.	0.2	0.	0.	0.	0.00003606025960651534	0.2388951188783572	0.000012002182993025082	0.0001762385965248983	0.7610568186790433
2.	1.06735	0.2	0.	0.	0.	0.00003904008111645079	0.25802322521388155	0.000014943579134351726	0.00016962285908695595	0.7419227911258677
2.	1.1347	0.2	0.	0.	0.	0.00004174242271776598	0.27781892583028855	0.000018251862671198076	0.0001637297413837473	0.7221210798843225
2.	1.20205	0.2	0.	0.	0.	0.00004413600108686262	0.29792287329525313	0.00002191543605396458	0.00015932035487025762	0.7020110752676061
2.	1.2694	0.2	0.	0.	0.	0.000046197824382084866	0.3180275327535551	0.000025916026029053195	0.00015638657102433277	0.6819003533960337
2.	1.33675	0.2	0.	0.	0.	0.000047912860049447416	0.33786537961855717	0.000030229577294541663	0.0001542881764232106	0.6620564779440988
2.	1.4041000000000001	0.2	0.	0.	0.	0.00004927330872633799	0.35720186877344484	0.000034827176330727686	0.00015256837625045755	0.642714030741498
2.	1.47145	0.2	0.	0.	0.	0.00005027760918095817	0.3758315378626106	0.000039675906494832616	0.00015090485006557565	0.6240785086217135
2.	1.5388000000000002	0.2	0.	0.	0.	0.000050929438829335107	0.39357297917455525	0.00004473966581989342	0.0001490737604287145	0.6063313517207956
2.	1.60615	0.2	0.	0.	0.	0.00005123654919892356	0.4102652947383753	0.00004997973902507168	0.00014692370336613533	0.5896334889734007
2.	1.6735000000000002	0.2	0.	0.	0.	0.00005120964949498165	0.4257636178471162	0.00005535515286101193	0.00014435619227812032	0.5741298173505278
2.	1.74085	0.2	0.	0.	0.	0.00005086136033598717	0.4399339044092611	0.000060822764904253775	0.00014131098044580453	0.5599544114654986
2.	1.8082	0.2	0.	0.	0.	0.00005020518851512644	0.4526476868747766	0.00006633695038693451	0.00013775475035514626	0.5472357709863214
2.	1.87555	0.2	0.	0.	0.	0.00004925468728116595	0.4637749000578717	0.00007184898894160957	0.00013367247646108973	0.5361039962659055
2.	1.9429	0.2	0.	0.	0.	0.00004802263233230294	0.47317637349809544	0.0000773058895068952	0.000129060662182408	0.5266982979800654
2.	2.01025	0.2	0.	0.	0.	0.000046520303149001265	0.48069440903483374	0.00008264862925964935	0.00012392204212104097	0.5191764220327576
2.	2.0776000000000003	0.2	0.	0.	0.	0.00004475680724800156	0.48614125689895465	0.00008780955773087854	0.00011826132343615816	0.5137261767360665
2.	2.14495	0.2	0.	0.	0.	0.000042738435082402814	0.4892843874959817	0.00009270867453508615	0.0001120816975124149	0.5105801653944009
2.	2.2123	0.2	0.	0.	0.	0.00004046803091277668	0.48982703545636935	0.00009724833855559576	0.00010538188212112018	0.5100352481741622
2.	2.27965	0.2	0.	0.	0.	0.000037944344874265127	0.4873822493391405	0.0001013056862869165	0.00009815355442023049	0.5124785006296984
2.	2.3470000000000004	0.2	0.	0.	0.	0.00003516140338232323	0.48143752742855295	0.00010472180544651706	0.00009037913052212154	0.5184225893626182
2.	2.347	0.2	0.	0.	0.	0.00003516140338227996	0.4814375274279602	0.00010472180544727421	0.00009037913052201035	0.5184225893632102
2.	2.3715401216290193	0.2	0.	0.	0.	0.000034080922610192596	0.47827374254967664	0.0001057679451727058	0.00008740541925702121	0.5215864085825405
2.	2.3960802432580386	0.2	0.	0.	0.	0.00003296386290487768	0.4745162518622986	0.00010668940889380862	0.00008435376880738716	0.5253440948659027
2.	2.4206203648870583	0.2	0.	0.	0.	0.00003180940874584303	0.470120202322856	0.00010747246551927167	0.00008122221284152595	0.5297405158028788
2.	2.4451604865160776	0.2	0.	0.	0.	0.00003061665593088136	0.46503563329461123	0.00010810177942791215	0.0000780085980480637	0.53482564827003
2.	2.469700608145097	0.2	0.	0.	0.	0.000029384621244942098	0.45920698220807304	0.00010856022248556233	0.00007471061243347695	0.5406550729481965
2.	2.4942407297741163	0.2	0.	0.	0.	0.000028112263392521184	0.4525725316472722	0.00010882870092080086	0.00007132582569097825	0.5472905273884145
2.	2.518780851403136	0.2	0.	0.	0.	0.00002679850733210826	0.4450640378147969	0.0001088859863860183	0.00006785175911278332	0.5548002776914849
2.	2.5433209730321553	0.2	0.	0.	0.	0.000025442284990938348	0.43660647972601196	0.00010870861214959598	0.00006428598703055595	0.5632593693768475
2.	2.5678610946611746	0.2	0.	0.	0.	0.000024042595628702916	0.4271181089882583	0.0001082708923087845	0.00006062627949685108	0.5727495775238042
2.	2.592401216290194	0.2	0.	0.	0.	0.000022598588421840478	0.41651116790452386	0.0001075451654202269	0.00005687081428520696	0.5833586883416341
2.	2.6169413379192137	0.2	0.	0.	0.	0.000021109680065128727	0.4046936879404359	0.0001065024774932909	0.00005301846447001406	0.5951786999020057
2.	2.641481459548233	0.2	0.	0.	0.	0.0000195757204553627	0.39157317328989966	0.00010511410707900004	0.000049069201824317655	0.6083021368825661
2.	2.6660215811772523	0.2	0.	0.	0.	0.00001799721098013267	0.3770640361817406	0.00010335466628572127	0.00004502463732465124	0.6228146119409935
2.	2.6905617028062716	0.2	0.	0.	0.	0.000016375596911179127	0.36110181595575264	0.00010120844181370006	0.00004088873136826539	0.6387806000055225
2.	2.7151018244352914	0.2	0.	0.	0.	0.000014713627977780284	0.3436715044903364	0.00009868269826086642	0.00003666866781755903	0.656215099183425
2.	2.7396419460643107	0.2	0.	0.	0.	0.000013015724850391532	0.3248684009312107	0.0000958376071880775	0.000032375739339296275	0.6750227457367508
2.	2.76418206769333	0.2	0.	0.	0.	0.000011288101473247623	0.3050447515114008	0.00009286281137448059	0.000028025609497425803	0.6948510975757514
2.	2.7887221893223493	0.2	0.	0.	0.	9.537375606649269e-6	0.2852500794290828	0.00009031943403700077	0.000023634829231307702	0.7146500637612736
2.	2.8132623109513686	0.2	0.	0.	0.	7.759658653697484e-6	0.26918121745892887	0.00009028688492865906	0.000019193845831874892	0.7307207359974888
2.	2.8378024325803883	0.2	0.	0.	0.	5.584842013694913e-6	0.3109595638885265	0.00011708638973858465	0.000013788983610514489	0.6889177648797212
2.	2.8623425542094076	0.2	0.	0.	0.	4.722057276737258e-6	0.1930313976365521	0.00007352967924637492	0.000011511572861679433	0.8068903506269248
2.	2.886882675838427	0.2	0.	0.	0.	3.411118828596526e-6	0.1258380657421169	0.000046071559137883956	8.301511338804175e-6	0.8741124515799166
2.	2.9114227974674467	0.2	0.	0.	0.	2.1359355302136044e-6	0.07392416763043165	0.00002651323230793372	5.18931445214897e-6	0.9260471832017302
2.	2.9359629190964656	0.2	0.	0.	0.	1.0741128311725017e-6	0.035429395455954006	0.000012541134755580271	2.6051802924310904e-6	0.9645569892964593
2.	2.9605030407254853	0.2	0.	0.	0.	3.594549689366077e-7	0.011397666428664436	3.99792123994637e-6	8.703677745046554e-7	0.9885979761951267
2.	2.9850431623545046	0.2	0.	0.	0.	5.978545395334333e-8	0.0018323146528766926	6.384974844989588e-7	1.4452020500655387e-7	0.9981669870641848
2.	3.009583283983524	0.2	0.	0.	0.	4.646086255973842e-7	0.013815734221822161	4.7910098237939055e-6	1.1212416594959848e-6	0.9861790101597284
2.	3.0341234056125437	0.2	0.	0.	0.	1.3429438038407228e-6	0.038854699583433946	0.000013425811114614472	3.2355851203148746e-6	0.9611305316616476
2.	3.058663527241563	0.2	0.	0.	0.	2.69351332601977e-6	0.07598757205289616	0.000026187834007111594	6.47889853424259e-6	0.9239835465997707
2.	3.0832036488705823	0.2	0.	0.	0.	4.420043396805382e-6	0.12179708694473652	0.00004189681040474006	0.000010614501223679088	0.8781565962014619
2.	3.1077437704996016	0.2	0.	0.	0.	6.395640485224218e-6	0.17238347865477996	0.00005922300325065761	0.000015333877610774658	0.8275509027014842
2.	3.132283892128621	0.2	0.	0.	0.	8.490932733312492e-6	0.22412126396911347	0.00007693885360572941	0.000020324602218997184	0.7757933062445475
2.	3.1568240137576407	0.2	0.	0.	0.	0.000010591492001653122	0.27405659834170953	0.00009404869510850693	0.000025311987751593055	0.7258387614711803
2.	3.18136413538666	0.2	0.	0.	0.	0.000012606219236117075	0.3200399912402095	0.00010983013845641411	0.000030078773047544956	0.679837572402098
2.	3.2059042570156793	0.2	0.	0.	0.	0.000014468510603652097	0.36067320157729355	0.00012381396637676525	0.00003446742815056624	0.639188515945726
2.	3.230444378644699	0.2	0.	0.	0.	0.000016132961587512043	0.39515888184264675	0.00013573221119108763	0.00003837183172729193	0.6046892529845747
2.	3.2549845002737183	0.2	0.	0.	0.	0.000017570130819084887	0.4231229325923621	0.0001454577070796279	0.00004172442404715225	0.5767140395697392
2.	3.2795246219027376	0.2	0.	0.	0.	0.00001876104731133938	0.44445057727961107	0.0001529486505539295	0.00004448287546247234	0.5553777130225237
2.	3.304064743531757	0.2	0.	0.	0.	0.00001969229831336593	0.45915278423009787	0.00015820351187523075	0.00004661825942883346	0.5406693199597135
2.	3.3286048651607762	0.2	0.	0.	0.	0.000020351945281824315	0.46726438748302346	0.00016122662896268726	0.00004810529312924555	0.532554033942732
2.	3.353144986789796	0.2	0.	0.	0.	0.000020726190597534227	0.4687682886460016	0.00016200247753221813	0.00004891444072578936	0.5310489826858686
2.	3.3776851084188153	0.2	0.	0.	0.	0.000020796598241821833	0.46353839492256793	0.0001604760690433063	0.00004900539726704744	0.5362803324101469
2.	3.4022252300478346	0.2	0.	0.	0.	0.000020537700715394268	0.4512954784697668	0.00015653750900731847	0.0000483215381200635	0.5485274463205105
2.	3.4267653516768544	0.2	0.	0.	0.	0.00001991499453570297	0.4315747162181327	0.00015001028171604682	0.000046785331369296715	0.5682553585056156
2.	3.4513054733058732	0.2	0.	0.	0.	0.000018883751893654613	0.4037129173610293	0.0001406460668621429	0.00004429570706484387	0.5961275528202149
2.	3.475845594934893	0.2	0.	0.	0.	0.000017390043800240857	0.36688296441495444	0.0001281358200334654	0.0000407306254800626	0.6329715097212119
2.	3.5003857165639123	0.2	0.	0.	0.	0.00001537748975747031	0.3202444914147975	0.00011216170782225148	0.00003596301420456193	0.6796279693876228
2.	3.5249258381929316	0.2	0.	0.	0.	0.00001280754094708057	0.2633612049061858	0.00009254504544040384	0.000029908166288453187	0.7365334425074267
2.	3.5494659598219513	0.2	0.	0.	0.	9.708087346943388e-6	0.19716248424661015	0.00006961850304760261	0.000022636758575042287	0.8027581891629954
2.	3.57400608145097	0.2	0.	0.	0.00019002772352034225	6.268447026478043e-6	0.1257664076169908	0.0000447956291046427	0.000014594867618639457	0.8739925005833578
2.	3.59854620307999	0.2	0.	0.	0.0001342181844869482	2.9823989679583845e-6	0.059127475999357935	0.000021139558030289846	6.933757720445565e-6	0.9407141838591568
2.	3.6230863247090093	0.2	0.	0.	0.000038232987379364985	6.856773169500099e-7	0.013435777152549339	4.818893609652494e-6	1.5917999565884103e-6	0.9865204852891447
2.	3.6476264463380286	0.2	0.	0.	0.00002061204144688949	3.191534993590612e-7	0.006182421124594694	2.2238439989012735e-6	7.398388562158442e-7	0.9937944238364602
2.	3.6721665679670483	0.2	0.	0.	0.00016038140128854403	2.221608420954427e-6	0.04255350986493527	0.0000153487948896077	5.142530510782579e-6	0.9572685383304657
2.	3.6967066895960676	0.2	0.	0.	0.00042620787216161567	5.399157364151294e-6	0.10228038471282848	0.000036989602109188105	0.000012479873502222919	0.8972510186555366
2.	3.721246811225087	0.2	0.	0.	0.0007286190081291709	8.568351708963455e-6	0.1605641727761756	0.0000582173698363941	0.000019776948797818888	0.8386404224941499
2.	3.7457869328541067	0.2	0.	0.	0.0009796024448555794	0.000010810567503727984	0.20043265963445323	0.00007285597627050592	0.000024916742231382096	0.7985040713769169
2.	3.7703270544831256	0.2	0.	0.	0.0011332363287241407	0.000011832847697153657	0.21709952948143096	0.00007910967586060784	0.000027234269926915818	0.7816762916662872
2.	3.7948671761121453	0.2	0.	0.	0.0011799582068776732	0.000011732807663406316	0.21305889133641162	0.00007782679947332723	0.000026965906542351762	0.7856715908495739
2.	3.8194072977411646	0.2	0.	0.	0.0011297811287638785	0.000010753406091752758	0.19330720438699836	0.00007078211229658025	0.00002468019738628831	0.8054814789658495
2.	3.843947419370184	0.2	0.	0.	0.0010014680328441978	9.163343455576346e-6	0.16309259552393277	0.00005986109021848126	0.000021001433157355495	0.835836912009549
2.	3.8684875409992037	0.2	0.	0.	0.000818128434005588	7.22186105369789e-6	0.12728571337441927	0.00004682902708190875	0.000016528724490660757	0.8718421073034395
2.	3.893027662628223	0.2	0.	0.00010597321918526171	0.0006058288776438025	5.174869174017781e-6	0.09033378628350518	0.000033312092636558074	0.000011827356143832848	0.9089159246578552
2.	3.9175677842572423	0.2	0.	0.0004395967740656884	0.00039299178097715684	3.2567190909833948e-6	0.0563144298370248	0.00002081514566206316	7.4330920385186046e-6	0.9428289097431792
2.	3.9421079058862616	0.2	0.	0.0006452314545740127	0.000208938032351008	1.6835983644779056e-6	0.028842505386971567	0.00001068545859734428	3.83735009235862e-6	0.9702909560691416
2.	3.966648027515281	0.2	0.	0.0004944305262496297	0.00008000394014961028	6.280754128441416e-7	0.010661696371323678	3.958946847257956e-6	1.4295890998944623e-6	0.988759282140017
2.	3.9911881491443006	0.2	0.	0.00027108661666058644	0.000026011081985735338	1.9929350394376176e-7	0.0033526722347981494	1.2477589673281635e-6	4.5300381395864564e-7	0.9963487830140842
2.	4.0157282707733195	0.2	0.	0.001415682417861566	0.00008958543033846442	6.709303226685327e-7	0.011187183804074336	4.172923095362651e-6	1.5229939280138546e-6	0.9873027044943076
2.	4.040268392402339	0.2	0.	0.0056026653174743824	0.00025138869076977554	1.8428554370541142e-6	0.030460751108593316	0.000011387645950720931	4.17759944157336e-6	0.9636719643817748
2.	4.064808514031359	0.2	0.	0.0151935945233872	0.0005094357993356518	3.6599937848015536e-6	0.05997841041988737	0.000022472720623659687	8.28577956006655e-6	0.9242924265429814
2.	4.089348635660378	0.2	0.	0.03246863328584263	0.0008465348158955102	5.9671797369993434e-6	0.09696321820607254	0.00003641068013938065	0.000013490944408847695	0.869679235832313
2.	4.113888757289398	0.2	0.	0.05896644758237949	0.0012333132001258742	8.538357210908334e-6	0.13759174122104312	0.000051780829638663916	0.000019278376232153417	0.802148178809602
2.	4.1384288789184165	0.2	0.	0.0950035268265498	0.0016345004533010825	0.000011124150151455558	0.1777954908660814	0.0000670573080851838	0.000025083523746607245	0.7254883003958311
2.	4.162969000547436	0.2	0.	0.13954889012449262	0.002016027355785162	0.000013499854769167358	0.21402942099312947	0.00008089869246416843	0.00003040038146364426	0.6443112629793595
2.	4.187509122176456	0.2	0.	0.19050572388499976	0.0023511718877316863	0.00001550271768163609	0.24383513587703184	0.00009236361582470194	0.00003486491833741653	0.5632001020167303
2.	4.212049243805476	0.2	0.	0.2452496935628765	0.0026238470632739333	0.000017047707855051227	0.26604254850856346	0.00010099185641694879	0.00003828955447945311	0.48596587130101415
2.	4.236589365434495	0.2	0.	0.3011848011043836	0.0028285819683648177	0.00001812131788612089	0.28062294521402126	0.00010675373575945397	0.00004064809681013002	0.41523879665958474
2.	4.261129487063514	0.2	0.	0.3561361232146181	0.0029681794801381936	0.00001876173615539164	0.288340360911885	0.00010992185538461503	0.00004203026986472703	0.3524266528018188
2.	4.285669608692533	0.2	0.	0.4085241474672191	0.003050538598947522	0.000019035774778900792	0.2903700511337669	0.0001109285242339167	0.000042589349894997424	0.2979252985010536
2.	4.310209730321553	0.2	0.	0.4573632718604225	0.0030857901031924	0.00001901970510515537	0.2879936300947327	0.00011025066446338347	0.00004249894009978796	0.2514280375720837
2.	4.334749851950573	0.2	0.	0.5021617711806742	0.0030842643617132767	0.000018786639007419928	0.28240618592430183	0.00010833620161298088	0.000041924687134459284	0.21222065569269033
2.	4.359289973579592	0.2	0.	0.5427900440408957	0.003055322555163239	0.000018399981055275993	0.2746223546295743	0.00010556757082211321	0.00004100974538935145	0.17940831122248935
2.	4.3838300952086104	0.2	0.	0.5793572114602009	0.003006848549579101	0.000017911198781487424	0.2654502788543399	0.00010225093192262279	0.00003986996289787269	0.15206549900517596
2.	4.40837021683763	0.2	0.	0.6121131332761646	0.0029451588287793366	0.00001736012979212279	0.2555038291233284	0.00009862004277716485	0.00003859474132198237	0.12932189859915838
2.	4.43291033846665	0.2	0.	0.641378214048058	0.002875132424535434	0.00001677648537773939	0.24523165176316894	0.00009484670607833273	0.00003725054501028021	0.11040337857278162
2.	4.45745046009567	0.2	0.	0.6674971603133029	0.0028004317631475334	0.000016181732202391207	0.23495037611659128	0.00009105297401961134	0.000035885220545078354	0.09464479710073631
2.	4.481990581724689	0.2	0.	0.6908105711503829	0.0027237390974249056	0.000015590909933848445	0.2248754404074365	0.00008732259293995888	0.00003453214044903109	0.08148733584188186
2.	4.506530703353708	0.2	0.	0.7116391471753765	0.0026469734440788223	0.000015014203902401874	0.21514709958216952	0.00008371072070628878	0.000033213773598993535	0.0704680548737665
2.	4.531070824982727	0.2	0.	0.7302763299205445	0.0025714745065228105	0.000014458223782873432	0.20585116188915778	0.00008025171484979393	0.000031944578745292505	0.06120632374514229
2.	4.555610946611747	0.2	0.	0.7469847721834699	0.002498146315125069	0.000013926974684663117	0.19703452369069124	0.00007696498872226749	0.000030733197143334696	0.05339166584730684
2.	4.580151068240767	0.2	0.	0.7619966980542254	0.0024275723280156253	0.000013422610352065094	0.18871702016734646	0.00007385949784494033	0.000029584148808004286	0.04677142734221548
2.	4.604691189869786	0.2	0.	0.7755159164822952	0.0023601034136755423	0.000012945993443407474	0.1809001101708105	0.00007093704165171249	0.000028499091172616643	0.04113998689812362
2.	4.629231311498805	0.2	0.	0.7877203940433102	0.002295923431893545	0.000012497102607929219	0.17357309552939548	0.00006819463760094679	0.000027477731454137983	0.036329895255191924
2.	4.653771433127824	0.2	0.	0.7987650815901816	0.0022350979924759076	0.000012075327047091085	0.16671755305602542	0.00006562621938645957	0.000026518485469293217	0.03220456581488357
2.	4.678311554756844	0.2	0.	0.8087847027460242	0.0021776104142500374	0.000011679677565314525	0.16031045193753565	0.00006322383827210684	0.000025618948186848374	0.028652331386352647
2.	4.702851676385864	0.2	0.	0.8178963590122512	0.0021233880511368156	0.00001130893625058044	0.15432631937688115	0.00006097850265213949	0.000024776226393930104	0.025581646120828083
2.	4.727391798014883	0.2	0.	0.8262018904978076	0.0020723214290712267	0.00001096176141974265	0.14873872454696446	0.000058880756351760464	0.0000239871713369157	0.022917221008385225
2.	4.751931919643902	0.2	0.	0.8337899588578102	0.0020242780667495065	0.000010636760254710761	0.14352127367978929	0.0000569210701582217	0.000023248538898279887	0.02059693156523812
2.	4.776472041272921	0.2	0.	0.8407379977399486	0.0019791120940746863	0.000010332536727439906	0.1386483564538978	0.000055090090039632654	0.00002255710389200961	0.018569111085311812
2.	4.801012162901941	0.2	0.	0.8471135960777367	0.0019366717733333718	0.00001004772702042532	0.13409538336946428	0.00005337882038128733	0.000021909721274501452	0.01679092223206391
2.	4.89262894023382	0.2	0.	0.8667775130524485	0.001799762079076135	9.134586504560048e-6	0.11954844955487147	0.000047909338358543174	0.000019832971407202086	0.011817231388740732
2.	4.984245717565699	0.2	0.	0.8815135895617813	0.0016913466070171224	8.415120424607474e-6	0.10812620103452067	0.00004361541781411185	0.000018194080879513772	0.008616832258442203
2.	5.075862494897577	0.2	0.	0.8927962375528286	0.0016052709462335446	7.843326418113575e-6	0.0990564773100208	0.000040209896521108776	0.00001688829679939194	0.006493960967977885
2.	5.167479272229456	0.2	0.	0.9015935030246102	0.0015367238493604594	7.384866150872156e-6	0.09177502959875378	0.00003748122787659081	0.00001583770889684022	0.00504987743324814
2.	5.259096049561335	0.2	0.	0.9085627835329225	0.0014820149953424606	7.014266399814172e-6	0.08587021177158688	0.00003527459213824138	0.00001498468819238584	0.00404270084161007
2.	5.350712826893214	0.2	0.	0.9141607380169561	0.0014383155902908018	6.712519227637255e-6	0.08103929492005961	0.000033475751764458106	0.000014286345754946982	0.003321463201701416
2.	5.442329604225092	0.2	0.	0.9187125989701078	0.0014034475861898709	6.465314367168804e-6	0.0770573420650427	0.00003199951757674379	0.000013710473304758993	0.002788146546715692
2.	5.533946381556971	0.2	0.	0.9224552131561026	0.0013757210821752769	6.261762156014203e-6	0.07375527690189593	0.000030781628811020135	0.000013232622368000938	0.002376745468859187
2.	5.62556315888885	0.2	0.	0.9255644959832314	0.0013538131123738974	6.093482407319414e-6	0.07100451801065172	0.000029773039116723272	0.00001283402631372467	0.002041306372218915
2.	5.717179936220729	0.2	0.	0.9281733981494976	0.0013366783226233503	5.953954459662454e-6	0.06870617230871374	0.00002893588414148664	0.00001250012123480636	0.0017488613805641262
2.	5.808796713552608	0.2	0.	0.9303839414602852	0.0013234831974548382	5.838050777556925e-6	0.06678337316639041	0.000028240613661896537	0.000012219486379229462	0.001475123511430046
2.	5.900413490884486	0.2	0.	0.9322754586711662	0.0013135574086501575	5.741699293503075e-6	0.06517578955723964	0.00002766393140723738	0.000011983078178598144	0.0012017887322432197
2.	5.992030268216365	0.2	0.	0.9339103448720555	0.0013063575593363962	5.661636419148784e-6	0.06383564858011513	0.000027187298631157044	0.00001178367068669522	0.0009148000534426881
2.	6.083647045548244	0.2	0.	0.9353235025203355	0.0013014195535129235	5.595136825007409e-6	0.06272383825988051	0.000026795362831623277	0.000011615260492413357	0.000618849166614463
2.	6.175263822880122	0.2	0.	0.9365343152084867	0.0012983507873922016	5.539935165488249e-6	0.061808420678009575	0.00002647558033250759	0.00001147288098562356	0.0003268978106134926
2.	6.266880600212001	0.2	0.	0.9375747674719918	0.0012968500021212702	5.494274909969941e-6	0.06106469973939771	0.00002621817889545265	0.000011352683917665111	0.00003197033268383803
2.	6.3584973775438804	0.2	0.	0.9384709125480694	0.0012966667521998126	5.4567061537354766e-6	0.06047259666207091	0.000026015136895297247	0.000011251504269910205	1.e-10
2.	6.4501141548757595	0.2	0.	0.9391646371991399	0.0012976636240203774	5.426325226029927e-6	0.05998037699178779	0.000025863019793471003	0.000011164261708211182	1.e-10
2.	6.5417309322076385	0.2	0.	0.9395064479303109	0.001299832280357966	5.4028165827400616e-6	0.05949230585698463	0.000025763828980828664	0.000011083130259234773	1.e-10
2.	6.633347709539517	0.2	0.	0.9397539502740876	0.001302818556878193	5.384467596408214e-6	0.05909868852410602	0.000025703880803967385	0.000011013430748601016	1.e-10
2.	6.724964486871396	0.2	0.	0.9399239870153137	0.0013064991309921698	5.37057323201288e-6	0.05878968121761818	0.000025679408021608307	0.000010953626318371117	1.e-10
2.	6.816581264203275	0.2	0.	0.9400312324403619	0.0013107698218085232	5.360538079282995e-6	0.058557009534408205	0.000025687255059569287	0.000010902420434860365	0.0000699404102825138
2.	6.908198041535153	0.2	0.	0.9400885350504324	0.0013155424619369581	5.353857644955157e-6	0.058393695177000875	0.0000257247718666259	0.000010858715268584799	0.0001711486811181509
2.	6.999814818867032	0.2	0.	0.9401071919761081	0.001320742337706546	5.350103211813572e-6	0.058293838028148484	0.000025789728741236602	0.000010821578056040425	0.00024708782608377083
2.	7.091431596198911	0.2	0.	0.9400902946692143	0.001326296381211024	5.348870384692124e-6	0.058252014327516415	0.0000258800811660407	0.000010790134824749587	0.0003001656705074879
2.	7.18304837353079	0.2	0.	0.940036553842791	0.0013321363742019034	5.349789683752625e-6	0.0582633609878989	0.000025993941205445924	0.00001076359069949427	0.00033660506421905045
2.	7.274665150862669	0.2	0.	0.9399491249460316	0.0013382097235824914	5.352567429744059e-6	0.05832399422033155	0.000026129838543315897	0.000010741310695502636	0.0003571887040813432
2.	7.366281928194548	0.2	0.	0.9398304282325862	0.001344470827563262	5.356948605376245e-6	0.05843058598219884	0.000026286515012879862	0.000010722743131528239	0.00036287149403341906
2.	7.457898705526426	0.2	0.	0.9396822438023757	0.0013508800499020211	5.362711053022913e-6	0.058580287459843415	0.000026462893445435777	0.000010707406837788692	0.00035476308338035917
2.	7.549515482858305	0.2	0.	0.9395057888057903	0.0013574028542717635	5.3696606218067385e-6	0.05877066751286008	0.00002665805216657662	0.000010694880481686819	0.00033411311428949847
2.	7.641132260190183	0.2	0.	0.939301779135365	0.001364009068980346	5.377627083774245e-6	0.05899966433157093	0.000026871204105889583	0.000010684793609386843	0.0003022986328941116
2.	7.732749037522062	0.2	0.	0.9390704787516199	0.0013706722599237736	5.386460682661383e-6	0.05926554762172577	0.000027101679804621043	0.000010676819097443037	0.00026081322624330744
2.	7.824365814853941	0.2	0.	0.9388117368830643	0.0013773691905328875	5.396029192585817e-6	0.0595668914355417	0.0000273489137277629	0.00001067066674314596	0.0002112575479407755
2.	7.91598259218582	0.2	0.	0.9385250145713596	0.0013840793532149483	5.406215394840617e-6	0.059902556457656984	0.000027612433499968682	0.000010666077789256196	0.00015533096887364317
2.	8.007599369517699	0.2	0.	0.9382092306041533	0.001390784305864741	5.416913910024151e-6	0.060271670952427296	0.000027891847945968782	0.000010662818272228884	0.00009500537569868267
2.	8.099216146849578	0.2	0.	0.9378378327972815	0.0013974301458420581	5.4278849603132995e-6	0.06067201974062835	0.000028186101514012553	0.00001066039148531102	0.000059103329773761704
2.	8.190832924181457	0.2	0.	0.9373190734600083	0.001404015361259764	5.439096197420561e-6	0.06109292722268369	0.00002849574970226057	0.000010657641423418457	0.00015004911014854933
2.	8.282449701513336	0.2	0.	0.9367458193974408	0.0014105273515765586	5.450474407158587e-6	0.06154462671085523	0.00002882012834714923	0.00001065541499147328	0.0002647559373730665
2.	8.374066478845215	0.2	0.	0.9361381167768466	0.001416974478273813	5.462029400289545e-6	0.06202936173370899	0.000029159528236094257	0.000010653800504802525	0.00038092545353426294
2.	8.465683256177092	0.2	0.	0.9355093911133386	0.001423367101503668	5.473779936641372e-6	0.06254917888119144	0.00002951440460550365	0.000010652830743836353	0.0004830747194241175
2.	8.557300033508971	0.2	0.	0.9348719585748625	0.0014297155921008933	5.485745904553144e-6	0.06310672027815442	0.00002988532487650477	0.000010652539778390532	0.000556234484101123
2.	8.64891681084085	0.2	0.	0.9342368478029724	0.0014360298617115232	5.497946433075271e-6	0.06370542217011847	0.000030272995664155338	0.0000106529593295589	0.0005859292231003149
2.	8.74053358817273	0.2	0.	0.9336135098722317	0.0014423187300369072	5.510397413389256e-6	0.06434982782825968	0.00003067830624438415	0.00001065411403471834	0.0005581548658139535
2.	8.832150365504608	0.2	0.	0.9330093302283954	0.00144858898742752	5.523107893824653e-6	0.06504610005045781	0.00003110240041119532	0.000010656014596809399	0.0004593552254142652
2.	8.923767142836486	0.2	0.	0.9324287700007027	0.0014548438713643385	5.5360742889896065e-6	0.06580290461048285	0.000031546800863372024	0.000010658646806868687	0.00027639864229776767
2.	9.015383920168365	0.2	0.	0.9318725127231572	0.0014610815256149393	5.549274587353228e-6	0.06663309680862138	0.00003201366506822811	0.000010661960693236615	1.e-10
2.	9.107000697500244	0.2	0.	0.931357210949838	0.0014673258880211128	5.562785556173674e-6	0.06755870477044285	0.00003250705666180336	0.000010666095629007996	1.e-10
2.	9.198617474832123	0.2	0.	0.9308405853706931	0.0014735086555742944	5.576335108496402e-6	0.06861372653277664	0.00003303169815336043	0.000010670521865503273	1.e-10
2.	9.290234252164002	0.2	0.	0.93022117124493	0.0014794666144457788	5.5892951948194274e-6	0.06986678031305209	0.00003359659781500851	0.000010674033660118288	1.e-10
2.	9.38185102949588	0.2	0.	0.9166533743522784	0.0014393303944014375	5.428654770119107e-6	0.069314442759136	0.00003317838121643643	0.000010346876709729452	0.012554245458197527
2.	9.406924433874892	0.2	0.	0.8502645587399196	0.001337029580316129	5.040570823096764e-6	0.06486181907390239	0.000030968935506839305	9.602067762787966e-6	0.08350058309953198
2.	9.431997838253903	0.2	0.	0.9250387981521462	0.0014567166361330035	5.489369580811429e-6	0.07131337191736961	0.00003392509407211315	0.000010451443867575465	0.0021516988306982815
2.	9.457071242632916	0.2	0.	0.927371807192884	0.0014624932046121857	5.508731702629312e-6	0.07246487467193248	0.00003428503779549605	0.000010482744291719976	1.e-10
2.	9.482144647011927	0.2	0.	0.9262940975876183	0.0014628856450979442	5.50782562280055e-6	0.07452099838470147	0.00003463065698564903	0.00001047547852625763	1.e-10
2.	9.507218051390938	0.2	0.	0.9191898258359492	0.0014640543614862335	5.509861634607748e-6	0.07559530418755465	0.000035521877899674	0.00001042909000278492	0.003709783875475617
2.	9.532291455769949	0.2	0.	0.920269936935702	0.0014678368779552173	5.521748200212047e-6	0.07486087929207196	0.000035390379718132105	0.000010446164606406825	0.0033604347663524076
2.	9.55736486014896	0.2	0.	0.921131365675798	0.001471267005782752	5.532319080494414e-6	0.07428086157933664	0.000035450840720458306	0.00001046074860564859	0.0030755225792816893
2.	9.582438264527973	0.2	0.	0.9216203432112741	0.0014740973798861687	5.540646067992555e-6	0.07404179120067444	0.00003554143401096905	0.000010471091600013929	0.0028226861280864074
2.	9.607511668906984	0.2	0.	0.921981367032271	0.0014767171783161982	5.548194031949881e-6	0.07391141998161323	0.000035647236730145726	0.000010479967038916522	0.002589300377037501
2.	9.632585073285995	0.2	0.	0.9222655540124025	0.0014792075959652604	5.555268738650713e-6	0.07384469064500415	0.00003576170678983582	0.000010487954345386342	0.0023692307710995453
2.	9.657658477665006	0.2	0.	0.9224993134277413	0.0014816106011445952	5.56202818425558e-6	0.073818145364939	0.0000358819065828209	0.000010495352906759138	0.0021594866714080424
2.	9.682731882044017	0.2	0.	0.9226958771792568	0.0014839472044549547	5.568551457853856e-6	0.07381995753880323	0.000036006195355433	0.000010502312671559107	0.0019586433306716666
2.	9.70780528642303	0.2	0.	0.922863647807927	0.001486230756915744	5.57488878629085e-6	0.07384227439909098	0.00003613360287306263	0.000010508928869699505	0.0017661385444069228
2.	9.73287869080204	0.2	0.	0.9230075565139857	0.0014884690863502929	5.5810696045307696e-6	0.07388019773458566	0.000036263482444207544	0.000010515257358293954	0.0015819321130296493
2.	9.757952095181052	0.2	0.	0.9231306548424713	0.001490667029343348	5.587112088151945e-6	0.0739303420590301	0.00003639538073344872	0.000010521332673320103	0.0014063535763337437
2.	9.783025499560063	0.2	0.	0.9232345491376011	0.001492827490722993	5.593027145729395e-6	0.07399021835232136	0.00003652896360370297	0.000010527173071901689	0.0012402830286051547
2.	9.808098903939074	0.2	0.	0.9233113260393084	0.0014949548908144933	5.598831343967035e-6	0.07405664083460756	0.00003666410346894779	0.000010532694364211394	0.0010948153004565753
2.	9.833172308318087	0.2	0.	0.9233696594125329	0.0014970455489338292	5.604510895749382e-6	0.07412949483397788	0.00003680041961197511	0.000010537988857610502	0.0009613952740476772
2.	9.858245712697098	0.2	0.	0.9234078501334099	0.0014990966285970675	5.610055193954102e-6	0.07420752235754706	0.00003693766606034724	0.000010543036986755476	0.0008429831591917347
2.	9.883319117076109	0.2	0.	0.9234212300375084	0.0015011004528966835	5.615435539553207e-6	0.0742894641174022	0.000037075513160553716	0.00001054778523962406	0.0007455144434926342
2.	9.90839252145512	0.2	0.	0.9233972456240899	0.0015030364705018431	5.620575132153672e-6	0.0743735938388045	0.0000372133375837663	0.000010552089903405351	0.00068329015388785
2.	9.933465925834131	0.2	0.	0.9232952825514962	0.0015048382888152578	5.625225925224279e-6	0.07445604749401583	0.000037349393447551236	0.000010555486215989952	0.0007008570463000324
2.	9.958539330213144	0.2	0.	0.9229201392787689	0.0015061868885045697	5.628196239733814e-6	0.07452056841032022	0.00003747564821766445	0.000010555740557089008	0.0010100015779488797
2.	9.983612734592155	0.2	0.	0.9196868739625311	0.0015028565363346482	5.613703164112247e-6	0.07435767917580606	0.000037486554075902916	0.000010523271509504113	0.004409490068088162
2.	10.008686138971166	0.2	0.	0.9104330412102761	0.0014896547926880213	5.562376913515281e-6	0.07371006141132591	0.000037251324840126545	0.000010421836408823412	0.014324428883956283
2.	10.033759543350177	0.2	0.	0.9225307424157586	0.0015113876953145192	5.641502733750068e-6	0.07479454950963584	0.000037891324538481464	0.00001056481260449012	0.001119787552018775
2.	10.058832947729188	0.2	0.	0.9230786516826955	0.0015142182836777348	5.650056971199596e-6	0.07494697439102031	0.00003806006381639832	0.000010575566201352625	0.00041644552181883954
2.	10.083906352108201	0.2	0.	0.92316204846873	0.001516281454309142	5.655758353932899e-6	0.07506445484252017	0.0000382108602222675	0.000010580985041149999	0.00021334861586452813
2.	10.108979756487212	0.2	0.	0.9231432053384565	0.0015181701191851818	5.660820582582662e-6	0.07517614847801772	0.00003835851939862224	0.000010585216483626274	0.00011845672435936705
2.	10.134053160866223	0.2	0.	0.9230832917057815	0.0015199844051139565	5.665617421210589e-6	0.07528685078596153	0.00003850552163936005	0.00001058896084888159	0.0000657019640824541
2.	10.159126565245234	0.2	0.	0.9229987298144092	0.0015217511735745955	5.6702491136586834e-6	0.07539775234709332	0.000038652515451848815	0.000010592406114967255	0.000037443900357383986
2.	10.184199969624245	0.2	0.	0.922893514938314	0.0015234769088251288	5.67473986177079e-6	0.07550905051190519	0.00003879963984766513	0.000010595597904200621	0.00002948326124627143
2.	10.209273374003258	0.2	0.	0.9227638753902893	0.001525155291417854	5.679066157673108e-6	0.07562032168607924	0.00003894671057015713	0.000010598492708211052	0.000046021855485842145
2.	10.23434677838227	0.2	0.	0.92258949421176	0.0015267525917066784	5.683102494197125e-6	0.07572979381897872	0.000039092841412035455	0.000010600856837765728	0.00010918343364843541
2.	10.25942018276128	0.2	0.	0.9222641928266989	0.0015280926518820306	5.6861935404345225e-6	0.07582863445845689	0.00003923348132942774	0.000010601469238589446	0.0003341603880922944
2.	10.284493587140291	0.2	0.	0.9202621471708632	0.0015266433722274108	5.678921022794834e-6	0.07579104119034813	0.000039303377248946985	0.000010582781300486535	0.0023751859682895338
2.	10.309566991519302	0.2	0.	0.9166966426266414	0.0015225827840471776	5.661957057624774e-6	0.07562558714007978	0.00003930652392777673	0.000010546072859080474	0.006110218968246248
2.	10.334640395898315	0.2	0.	0.9217193179474806	0.0015327832915021382	5.6980330964203826e-6	0.07617046394777621	0.00003967912534324884	0.000010608158425102022	0.0005320576548012851
2.	10.359713800277326	0.2	0.	0.9218463202593219	0.0015348465576221727	5.703859842163716e-6	0.07631305912401963	0.00003984280428440467	0.00001061390840424681	0.00026022739490975944
2.	10.384787204656337	0.2	0.	0.9217458657538755	0.00153652489805105	5.708266743158955e-6	0.07643834381951944	0.000039997603614668275	0.000010617024880853185	0.00023355965819620017
2.	10.409860609035348	0.2	0.	0.9215888140721148	0.0015381021460763229	5.7123091742072604e-6	0.07656036754916984	0.000040150843454834784	0.000010619473608043018	0.00026685308001002384
2.	10.43493401341436	0.2	0.	0.9214034882828903	0.0015396253308108039	5.7161619769560475e-6	0.0766814205505656	0.000040303727720306856	0.000010621580400363908	0.0003294459460360666
2.	10.460007417793372	0.2	0.	0.9211960071323811	0.0015411045615593654	5.719862741166874e-6	0.07680196175856324	0.00004045650525065783	0.000010623415532053426	0.00041475017950447224
2.	10.485080822172383	0.2	0.	0.9209656144501687	0.0015425384820400376	5.723406466909773e-6	0.07692188237956564	0.00004060912635794265	0.000010624970076744987	0.0005236321554008272
2.	10.510154226551395	0.2	0.	0.9207064726139638	0.0015439172097241305	5.726756533800796e-6	0.07704065083539001	0.000040761316130053055	0.00001062617644880938	0.0006624712682582329
2.	10.535227630930406	0.2	0.	0.9204021040767528	0.0015452129542060905	5.729809961193711e-6	0.07715684220816336	0.00004091232276339613	0.00001062684411064731	0.0008491986281531638
2.	10.560301035309418	0.2	0.	0.9199847262762061	0.0015463115635908908	5.732143751979008e-6	0.07726471450845303	0.000041059093016441345	0.000010626189634773087	0.0011574564149816058
2.	10.58537443968843	0.2	0.	0.9185048319963731	0.0015456146362816574	5.727834990898557e-6	0.07728429550546505	0.000041159013822527524	0.000010613240125288609	0.0026183710130667504
2.	10.61044784406744	0.2	2.3428528443183578e-11	0.916878392618596	0.0015446591554942565	5.722583666067434e-6	0.07729227260975459	0.00004125271434337252	0.000010598569441885705	0.0042377002947171505
2.	10.635521248446452	0.2	5.702247965812775e-7	0.9186882087969168	0.0015494871947405282	5.738768225464494e-6	0.07759114679547208	0.00004150196163412701	0.000010623606872953352	0.002123346258214337
2.	10.660594652825463	0.2	3.1248725456339294e-6	0.9182037923568281	0.0015504424447881832	5.74061645900926e-6	0.07769763761726799	0.000041648713622041144	0.00001062210630770365	0.0024976133784890137
2.	10.685668057204474	0.2	8.462098647134572e-6	0.917400238907524	0.001550850534531577	5.740450674277701e-6	0.07777807012877193	0.00004178165594837627	0.00001061689450970526	0.0032148562239027872
2.	10.710741461583487	0.2	0.000017125990597301628	0.9162129109120086	0.0015506002811456535	5.737861089840319e-6	0.07782677834647289	0.00004189765210770388	0.000010607219013819006	0.004344948956577985
2.	10.735814865962498	0.2	0.00002951695819008192	0.9143438086182866	0.0015491846307427286	5.7309739064826045e-6	0.07781819157422828	0.00004198280063038022	0.000010589623515703561	0.006211584444015483
2.	10.760888270341509	0.2	0.00004589836612808603	0.9110496926520593	0.0015453390489993805	5.715116051091523e-6	0.07768857301317525	0.000042002447304837954	0.00001055548791080444	0.009622779356282113
2.	10.78596167472052	0.2	0.00006628312406096677	0.9042067546375167	0.001535449012945326	5.6769312101424025e-6	0.07725573030637393	0.00004185746428622828	0.000010480177653159237	0.016888248523606722
2.	10.811035079099533	0.2	0.00008980959726779086	0.8863222102698803	0.0015067566580999688	5.5692823126675e-6	0.07587640829182586	0.00004119754750357301	0.000010276768673531039	0.036158048353109803
2.	10.836108483478544	0.2	0.00011219605338273735	0.833077899618508	0.0014178126456222385	5.239064637104858e-6	0.07145903111312876	0.000038881388787343434	9.663045326188683e-6	0.09388894011593382
2.	10.861181887857555	0.2	0.00014314885953321937	0.8248654365555598	0.0014053872561757533	5.191712383444886e-6	0.07089491731357031	0.00003865605130069924	9.571375890277972e-6	0.10264726225147673
2.	10.886255292236566	0.2	0.00019214253773274962	0.8810364430275491	0.0015027418945738205	5.549829068348386e-6	0.0758735434434315	0.00004145798855223138	0.000010226980167545208	0.041348121279092306
2.	10.911328696615577	0.2	0.00024121636214980162	0.898563989389865	0.001534317037019958	5.6648942554076505e-6	0.07753788193794052	0.00004245658159674611	0.000010434322160858786	0.022074473797172492
2.	10.936402100994588	0.2	0.0002928870237537564	0.9019329811217902	0.001541749860165939	5.6907955486360524e-6	0.07798507011708526	0.00004279111218304853	0.000010477329690644864	0.018198829969473126
2.	10.9614755053736	0.2	0.0003475634081500855	0.8980135413654801	0.0015367176483696559	5.670696178844289e-6	0.07780296116887542	0.00004278061889125608	0.000010435656166343053	0.0222507650940547
2.	10.986548909752612	0.2	0.0004048317438448012	0.8889043550758653	0.0015227751421257238	5.617746988011726e-6	0.07716991232981608	0.00004252120949079106	0.000010333605350687403	0.03194998675186933
2.	11.011622314131623	0.2	0.0004711774860002866	0.8890767549965436	0.0015247111462381084	5.623399275518072e-6	0.07734203173207611	0.00004270489949603474	0.000010339403540430701	0.03153699634037031
2.	11.036695718510634	0.2	0.0005496382323084611	0.9000448048751237	0.0015451763861746668	5.697380180887208e-6	0.07845621331221025	0.00004341020894151661	0.000010470783678256357	0.019355059605060468
2.	11.061769122889647	0.2	0.0006330074999713481	0.9074078920409646	0.001559481234622764	5.748624206243495e-6	0.07926037717182408	0.00004394616413993089	0.000010560290773103097	0.01108954726427104
2.	11.086842527268658	0.2	0.0007203880199736246	0.9110349656037433	0.0015673803020211793	5.776245003622829e-6	0.07974113388871244	0.00004430425824632023	0.00001060635303788414	0.006886051682299457
2.	11.111915931647669	0.2	0.0008125196361091296	0.9128562676978944	0.0015721774534190117	5.7924335394844635e-6	0.08006577042732661	0.00004457651483368055	0.000010631403216726694	0.0046428958368776585
2.	11.13698933602668	0.2	0.0009098238877217356	0.9138142165766789	0.0015754876230053359	5.803147066822582e-6	0.08031613530622672	0.000044808059798329756	0.00001064639813502753	0.0033337253995021354
2.	11.162062740405691	0.2	0.0010124817844061047	0.9143231781619835	0.0015780212737819613	5.811005992423756e-6	0.0805282482136653	0.000045018774561040816	0.000010656156257763021	0.0025072407856097656
2.	11.187136144784702	0.2	0.0011205589718126093	0.9145774563453501	0.0015801116904598364	5.817239431334951e-6	0.08071900663985147	0.00004521799372390045	0.000010662937362105904	0.0019518311193707227
2.	11.212209549163715	0.2	0.0012340637880001641	0.9146760032093358	0.0015819286612985034	5.822473472804474e-6	0.08089701617972571	0.00004541047483993529	0.000010667892403225408	0.0015597552133270604
2.	11.237282953542726	0.2	0.0013529728126747418	0.914673122176185	0.0015835653935222867	5.827051773005625e-6	0.08106699756609316	0.00004559882973228601	0.000010671653073737248	0.001271916170019427
2.	11.262356357921737	0.2	0.0014772428051482778	0.9146005646529299	0.0015850764036457257	5.831175304683038e-6	0.08123170847006116	0.000045784585380982505	0.00001067458876445178	0.0010537919075292723
2.	11.287429762300748	0.2	0.0016068167659462722	0.9144779096958324	0.0015864953206349557	5.834968015810819e-6	0.08139284664860116	0.000045968682753544515	0.000010676927279557046	0.0008841279182158074
2.	11.312503166679761	0.2	0.001741627299367017	0.9143177840370582	0.0015878438412428512	5.838509855386234e-6	0.08155150433360961	0.000046151727881709176	0.000010678815549915895	0.0007492502509851978
2.	11.337576571058772	0.2	0.0018815986521679075	0.9141286480687566	0.0015891365105003493	5.841854402242876e-6	0.08170841084313617	0.000046334125963161194	0.000010680352038560866	0.0006400299450736724
2.	11.362649975437783	0.2	0.002026648061041016	0.913916361087516	0.0015903834080155334	5.84503877076055e-6	0.08186406891530906	0.00004651615675582592	0.000010681604948136022	0.0005501773325918419
2.	11.387723379816794	0.2	0.002176686717095839	0.9136851004870646	0.0015915917257770782	5.848089428759724e-6	0.08201883480647493	0.000046698018882387555	0.000010682622913874425	0.0004752401552764185
2.	11.412796784195805	0.2	0.0023316205057482635	0.9134379226319332	0.0015927667310578974	5.851025747908171e-6	0.08217296715845192	0.00004687985688048474	0.000010683441528613827	0.0004119920901802382
2.	11.437870188574816	0.2	0.0024913506075935985	0.9131771167366509	0.001593912374050902	5.853862244098008e-6	0.08232665785787241	0.00004706177828176466	0.000010684087459937162	0.00035804678330624007
2.	11.46294359295383	0.2	0.002655771975286184	0.912903948907661	0.0015950318947246815	5.856610811653437e-6	0.08247996717369648	0.000047243875177604	0.000010684575824775008	0.0003121795626423868
2.	11.48801699733284	0.2	0.002824763374250306	0.91261662437785	0.0015961290495010911	5.859285229646313e-6	0.08263245203382898	0.00004742627930786063	0.0000106848880531801	0.00027674560003213
2.	11.513090401711851	0.2	0.0029982289764129678	0.9123198911412688	0.0015972041356125044	5.861886568946899e-6	0.08278483788659736	0.00004760896190645982	0.000010685076752226201	0.0002463670116329697
2.	11.538163806090862	0.2	0.003176055646490034	0.9120146365181989	0.0015982586853201266	5.864420431204348e-6	0.08293719542376397	0.00004779196260793167	0.000010685152277430744	0.00022019734318778905
2.	11.563237210469875	0.2	0.003358127621407942	0.9117015925564885	0.0015992939648464888	5.866891437181924e-6	0.08308958194620142	0.00004797531361388852	0.00001068512317881662	0.0001975617060045315
2.	11.588310614848886	0.2	0.003544326828322632	0.9113813731698575	0.0016003110381982767	5.869303462019838e-6	0.08324204459912442	0.00004815904149233215	0.000010684996633124954	0.00017791601954290914
2.	11.613384019227897	0.2	0.0037345331831766635	0.9110545012628104	0.0016013108137859667	5.8716598070790735e-6	0.0833946227532829	0.00004834316849250932	0.000010684778759504279	0.00016081715864449397
2.	11.638457423606908	0.2	0.003928624872208015	0.910721428816392	0.0016022940789483496	5.873963327198501e-6	0.08354734974615084	0.00004852771352003478	0.000010684474853282696	0.00014590080945364736
2.	11.66353082798592	0.2	0.00412647861814182	0.9103825519410895	0.0016032615258276966	5.876216526068954e-6	0.08370025419827612	0.000048712692867251736	0.000010684089561167372	0.00013286480727149608
2.	11.68860423236493	0.2	0.004327969932330738	0.9100382222727547	0.0016042137709584812	5.878421628435791e-6	0.08385336100916385	0.00004889812076737397	0.000010683627013880116	0.00012145647239648893
2.	11.713677636743943	0.2	0.004532973353920918	0.9096887556971461	0.0016051513702634644	5.8805806353736265e-6	0.08400669210529206	0.00004908400981806086	0.000010683090927699485	0.00011146288292397666
2.	11.738751041122955	0.2	0.004741362676674027	0.9093344390564142	0.0016060748305779717	5.882695366766539e-6	0.08416026704270299	0.00004927037130732218	0.000010682484682508321	0.000102703326956749
2.	11.763824445501966	0.2	0.004953011164346244	0.9089755353865173	0.0016069846186480522	5.8847674944777495e-6	0.08431410344432454	0.000049457215468803326	0.000010681811382740992	0.00009502340320059754
2.	11.788897849880977	0.2	0.005167791754912128	0.9086122879936238	0.001607881168129501	5.886798568153469e-6	0.08446821736679311	0.00004964455167894112	0.00001068107390480985	0.00008829036629438847
2.	11.81397125425999	0.2	0.005385577254382695	0.9082449236903377	0.0016087648851418038	5.888790035700893e-6	0.08462262356659454	0.00004983238861469176	0.000010680274934751084	0.00008238942489280365
2.	11.839044658639	0.2	0.005606240520304163	0.9078736553296	0.001609636152611057	5.890743259305612e-6	0.08477733573655911	0.000050020734375808786	0.000010679416997687576	0.00007722078329068516
2.	11.864118063018012	0.2	0.0058296546356765904	0.9074986838515678	0.0016104953337753827	5.892659528362193e-6	0.08493236666177491	0.000050209596584230266	0.000010678502481622756	0.0000726972610926857
2.	11.889191467397023	0.2	0.006055693073259101	0.907120199892428	0.0016113427749337994	5.89454006961917e-6	0.08508772837772353	0.0000503989824610307	0.000010677533656127617	0.00006874235912487925
2.	11.914264871776034	0.2	0.006284229850942877	0.9067383851025981	0.0016121788076954267	5.896386055482268e-6	0.08524343226330827	0.000050588898889793766	0.000010676512687645222	0.00006528869051009023
2.	11.939338276155045	0.2	0.0065151396781258164	0.9063534131835421	0.0016130037507418513	5.898198610525798e-6	0.08539948914514794	0.000050779352466000176	0.000010675441651512945	0.0000622766913658257
2.	11.964411680534058	0.2	0.0067482980937157355	0.9059654507482977	0.0016138179112864903	5.899978816887068e-6	0.085555909355217	0.000050970349537218934	0.000010674322541933056	0.000059653563129050124
2.	11.989485084913069	0.2	0.006983581595671874	0.9055746579937475	0.0016146215862074412	5.901727718459669e-6	0.08571270279940826	0.000051161896234465616	0.000010673157279745449	0.00005737240101201524
2.	12.01455848929208	0.2	0.0072208678173237215	0.905181196114758	0.0016154150752192907	5.903446369076456e-6	0.08586987964050143	0.000051353998886646304	0.000010671947799702786	0.00005538390694183326
2.	12.03963189367109	0.2	0.007460035786426564	0.9047852442538459	0.0016161987111517815	5.905135943137763e-6	0.0860274519232511	0.0000515466649883404	0.000010670696250372992	0.00005361752439321521
2.	12.064705298050104	0.2	0.007700965638275819	0.9043869499696148	0.0016169727715322978	5.906797412511763e-6	0.08618542886183174	0.00005173990038973051	0.000010669404410119939	0.000052036060943144724
2.	12.089778702429115	0.2	0.007943538881320582	0.9039864525309113	0.0016177375200063164	5.9084316980219505e-6	0.08634381903570691	0.000051933710597697274	0.000010668073961392171	0.00005060988975924552
2.	12.114852106808126	0.2	0.008187638516642557	0.9035838867266095	0.0016184932130880853	5.910039694154444e-6	0.08650263074651263	0.000052128100987393245	0.000010666706535529397	0.000049312656465780313
2.	12.139925511187137	0.2	0.008433149123191246	0.9031793830713966	0.0016192401004878057	5.911622270284202e-6	0.0866618720313033	0.000052323076810034075	0.000010665303715097379	0.00004812097454080788
2.	12.164998915566148	0.2	0.008679956936478984	0.9027730679777337	0.0016199784253804555	5.913180271686199e-6	0.0868215506683273	0.000052518643198424956	0.000010663867035828863	0.00004701416860952712
2.	12.190072319945159	0.2	0.008927949920815014	0.902365063885386	0.0016207084246003956	5.914714520274018e-6	0.0869816741946074	0.000052714805171107966	0.000010662397988067575	0.00004597405489986661
2.	12.215145724324172	0.2	0.009177017835599686	0.9019554893856973	0.001621430328828087	5.91622581530827e-6	0.08714224990425724	0.00005291156763580427	0.000010660898018153833	0.00004498475216663245
2.	12.240219128703183	0.2	0.009427052295578145	0.901544459310851	0.001622144362715299	5.917714933879323e-6	0.0873032848597446	0.00005310893539099414	0.000010659368529399594	0.00004403252078596931
2.	12.265292533082194	0.2	0.009677946825531919	0.9011320848188321	0.0016228507450037205	5.919182631364908e-6	0.08746478589019291	0.00005330691312733346	0.000010657810883015324	0.000043105624680697674
2.	12.290365937461205	0.2	0.00992959690948064	0.9007184734621099	0.001623549688615313	5.92062964178371e-6	0.08762675959635344	0.00005350550542835778	0.000010656226398846775	0.00004219420837062171
2.	12.315439341840218	0.2	0.010181900034638229	0.9003037292458985	0.001624241400724788	5.922056678082922e-6	0.08778921235319459	0.00005370471677025962	0.000010654616355990672	0.000041290192095477796
2.	12.340512746219229	0.2	0.010434755730376829	0.8998879526819134	0.0016249260828247588	5.923464432398338e-6	0.08795215030824384	0.00005390455152194154	0.0000106529819933588	0.00004038718068696823
2.	12.36558615059824	0.2	0.010688065602328734	0.8994712408321754	0.0016256039307736767	5.924853576250985e-6	0.08811557938397954	0.00005410501394401838	0.000010651324510126197	0.00003948038322230951
2.	12.390659554977251	0.2	0.01094173336185272	0.8990536873468202	0.0016262751348335783	5.926224760706e-6	0.08827950528752294	0.00005430610818781104	0.000010649645066109773	0.00003856653602204996
2.	12.415732959356262	0.2	0.011195664851704503	0.8986353825485093	0.0016269398797928085	5.927578616840524e-6	0.08844393345712484	0.00005450783829681902	0.000010647944782700533	0.00003764384595490722
2.	12.440806363735273	0.2	0.011449768065728486	0.8982164133697373	0.0016275983448232124	5.928915755243442e-6	0.08860886916959404	0.000054710208199959676	0.000010646224742054688	0.00003671192616173935
2.	12.465879768114286	0.2	0.011703953166983897	0.8977968634898911	0.0016282507036992377	5.930236766833405e-6	0.08877431743301692	0.00005491322171618245	0.000010644485988652128	0.000035771747925877895
2.	12.490953172493297	0.2	0.01195813250021883	0.8973768133212136	0.0016288971247442941	5.931542222682393e-6	0.08894028303804258	0.0000551168825502996	0.000010642729529066589	0.000034825591007717205
2.	12.516026576872308	0.2	0.012212220601390097	0.8969563400509379	0.0016295377708792412	5.932832674210967e-6	0.0891067705494741	0.000055321194292174486	0.000010640956332402276	0.00003387700035226149
2.	12.54109998125132	0.2	0.012466134203636367	0.8965355176760819	0.0016301727996581442	5.934108653336602e-6	0.08927378430312509	0.00005552616041570094	0.00001063916733064491	0.00003293074842945776
2.	12.566173385630332	0.2	0.012719792240006914	0.8961144170410063	0.0016308023633095962	5.9353706726417785e-6	0.08944132840666437	0.00005573178427750686	0.000010637363419046745	0.000031992794062671304
2.	12.591246790009343	0.2	0.012973115843015552	0.8956931058704708	0.0016314266087703961	5.936619225513765e-6	0.08960940674112394	0.00005593806911578267	0.000010635545456459497	0.00003107024827807281
2.	12.616320194388354	0.2	0.013226028341323175	0.895271648808157	0.0016320456777297026	5.9378547863220254e-6	0.08977802295703657	0.00005614501804914306	0.000010633714265733281	0.000030171342918133837
2.	12.641393598767365	0.2	0.013478455253602683	0.8948501074527858	0.0016326597066693611	5.939077810581216e-6	0.08994718047837935	0.00005635263407581161	0.000010631870634088419	0.00002930539667636567
2.	12.931083530086722	0.2	0.01633785908133409	0.8899903483454211	0.0016394271906660525	5.952426589870584e-6	0.09194167842613017	0.000058800575789227596	0.000010609884760104544	0.000025933954069481957
2.	13.220773461406079	0.2	0.01903476191192906	0.8852025837600908	0.001645733772886317	5.964805559871628e-6	0.09401227557805834	0.0000613427770607141	0.000010587330401636037	0.00003733739441487416
2.	13.510463392725436	0.2	0.021512711947740067	0.8805641000297121	0.0016517859244124594	5.976905793415685e-6	0.0961633191568891	0.00006398551981526922	0.000010565228204438785	0.000038120515637563024
2.	13.800153324044793	0.2	0.023742844965328108	0.8761056623570763	0.0016576351115955227	5.988860014188317e-6	0.09839822893792957	0.0000667297564025175	0.000010544018843086455	0.000022910011653776152
2.	14.08984325536415	0.2	0.025715963533253214	0.8718137316005213	0.0016632887930599584	6.000646972957511e-6	0.10071424552392669	0.0000695750859171967	0.000010523621592786367	0.000017194816348611863
2.	14.379533186683506	0.2	0.027437704486209514	0.8676890144803721	0.0016687799630226874	6.012342466642149e-6	0.10311033870128118	0.00007252227586284191	0.00001050412102095058	0.000015627750785035532
2.	14.669223118002863	0.2	0.028922805814997364	0.8637254589873749	0.0016741276963706214	6.023976138682885e-6	0.10558484042510408	0.00007557169237180183	0.000010485515024527283	0.00001117140764254898
2.	14.95891304932222	0.2	0.030190575953463975	0.8598997901215638	0.0016793327837618067	6.035515609556981e-6	0.1081331650148582	0.00007872305492144596	0.000010467592744220082	0.00001237755582125799
2.	15.248602980641577	0.2	0.03126294110491314	0.856194972638854	0.0016843873386466778	6.046900886917524e-6	0.11075221837577578	0.00008197559839643013	0.000010450205493078527	0.00001745804252699379
2.	15.538292911960934	0.2	0.03216253719432745	0.8525994176318944	0.0016892726713309055	6.058036479341437e-6	0.11344054910794618	0.00008532787541770566	0.000010433258481697246	0.000016837482603990206
2.	15.82798284328029	0.2	0.03291069179975733	0.849092239212287	0.0016939669779055407	6.068818749871798e-6	0.1161945650577876	0.00008877820189500542	0.000010416544504610196	0.000013689931617530404
2.	16.117672774599647	0.2	0.033527181847676744	0.8456543772028291	0.0016984505744550389	6.079154348511756e-6	0.11901070338098571	0.00009232482958172708	0.000010399873555764037	0.000010883010123113879
2.	16.407362705919002	0.2	0.034030055285371244	0.8422728824474777	0.0017027147940054878	6.088991682158867e-6	0.12188605715655686	0.00009596645486059481	0.000010383126288393278	6.234870045918051e-6
2.	16.69705263723836	0.2	0.034434957079328934	0.8389292162519383	0.0017067531352684515	6.098288855710218e-6	0.12481589940157714	0.00009970186386467669	0.000010366115912577863	7.373979166738764e-6
2.	16.986742568557716	0.2	0.0347560423111139	0.835614530152215	0.0017105524605545619	6.106982001498785e-6	0.12779812613758645	0.00010352924825239518	0.00001034876226935611	0.000011112708276223016
2.	17.276432499877075	0.2	0.035005643915949285	0.832322278952986	0.0017141048026592795	6.115027305636359e-6	0.13083086786610484	0.00010744697948200474	0.00001033101158631199	0.000013542455512854934
2.	17.56612243119643	0.2	0.035194291731225444	0.8290454462968291	0.0017174068088823657	6.122398789088909e-6	0.13391176075686725	0.00011145364346480663	0.000010312804215066229	0.000013518363942005562
2.	17.85581236251579	0.2	0.03533094480923984	0.8257767127325936	0.0017204540311255277	6.129067767078263e-6	0.1370382932382143	0.00011554767864779913	0.00001029407458129319	0.000011918442411912311
2.	18.145502293835143	0.2	0.03542325572246792	0.8225102200476793	0.0017232446394468092	6.135015962269063e-6	0.14020808838042884	0.00011972761884252584	0.000010274773325120503	9.328575172301568e-6
2.	18.435192225154502	0.2	0.035477550825997135	0.8192387705886125	0.0017257857441431007	6.140257862048443e-6	0.14341763480267303	0.0001239926274748955	0.000010254836977910465	0.000010125153237339202
2.	18.724882156473857	0.2	0.03549957911807195	0.8159615672312859	0.0017280724042979306	6.1447658898347275e-6	0.14666606856896258	0.00012834088538573815	0.000010234271292894737	0.000010227026106007786
2.	19.014572087793216	0.2	0.03549402859839571	0.8126749188376414	0.001730102953423157	6.148524917463499e-6	0.1499513941975305	0.00013277076958331278	0.000010213048172112182	0.000010636118508489112
2.	19.30426201911257	0.2	0.03546491662745084	0.8093769829521834	0.0017318806106320032	6.151537880367895e-6	0.15327182764733924	0.0001372809836157299	0.000010191161975143426	0.000010959640898366985
2.	19.59395195043193	0.2	0.0354156738098634	0.8060669117309577	0.0017334106150544025	6.153815494735233e-6	0.1566257432836694	0.00014187037992580015	0.000010168618619716845	0.00001023636503455494
2.	19.883641881751284	0.2	0.035349146657564334	0.8027428752918748	0.001734697158582744	6.155365301919531e-6	0.1600112156889582	0.00014653773364983787	0.000010145411228652063	9.37210406806721e-6
2.	20.17333181307064	0.2	0.03526765380908688	0.7994020925478623	0.0017357476285172326	6.156206677575564e-6	0.16342566551693424	0.00015127537985130588	0.000010121521859833272	0.000011408911070404093
2.	20.463021744389998	0.2	0.03517348293503024	0.7960473611002375	0.0017365654846482025	6.156345511597872e-6	0.16686878484610299	0.00015608209833914766	0.000010096996668230525	0.000011567190130346017
2.	20.752711675709357	0.2	0.03506837971743868	0.7926776269726136	0.0017371536480575395	6.155786210086054e-6	0.17033895371567268	0.00016096027874733688	0.000010071835384282227	0.000010769881260142
2.	21.04240160702871	0.2	0.03495381871955045	0.7892918450094905	0.0017375149961352272	6.154533417245727e-6	0.17383458684351297	0.0001659082479397958	0.000010046037179964075	0.000010171649953760742
2.	21.332091538348067	0.2	0.034831114933454796	0.7858905412835612	0.0017376558227981303	6.152604235147229e-6	0.177354423500713	0.00017092464101915007	0.000010019620694520717	9.187214218553397e-6
2.	21.621781469667425	0.2	0.03470136345963954	0.7824739474895323	0.001737583899395891	6.150021308357451e-6	0.1808964171808847	0.00017600826533145216	9.992601084903136e-6	8.529683907715357e-6
2.	21.911471400986784	0.2	0.03456544927621046	0.7790411808932352	0.0017373040795756673	6.146797239302686e-6	0.18445907620908553	0.00018115765597110777	9.964978651098987e-6	9.685088682875875e-6
2.	22.20116133230614	0.2	0.034424271358879044	0.7755938023027334	0.0017368196158647172	6.142939241308896e-6	0.1880418716408526	0.00018637114758186053	9.936781921752823e-6	0.000010720994847057685
2.	22.490851263625494	0.2	0.03427855980769853	0.7721328113948944	0.0017361367314073371	6.138465291361281e-6	0.19164388176350958	0.0001916474054212552	9.908033498295584e-6	0.000010824431777467503
2.	22.780541194944853	0.2	0.03412890525260782	0.7686583128638231	0.0017352596534429777	6.133386538804775e-6	0.19526403969791722	0.00019698489125420464	9.878744177222926e-6	0.00001036425441583444
2.	23.07023112626421	0.2	0.03397581154455652	0.7651703668873884	0.001734192501150958	6.127713970115233e-6	0.19890133220560083	0.00020238205482167696	9.848923827642323e-6	9.78709251153731e-6
2.	23.359921057583566	0.2	0.03381975600018194	0.761670398992371	0.0017329449459931	6.121478387971512e-6	0.20255340697420066	0.00020783802362878172	9.818600482990786e-6	9.533585236587427e-6
2.	23.64961098890292	0.2	0.03366113559832688	0.758158956030618	0.0017315214111749873	6.114692227257287e-6	0.20621931261547985	0.00021335134005412207	9.787789396702957e-6	9.608312118991602e-6
2.	23.93930092022228	0.2	0.03350031263801575	0.7546367097863672	0.0017299245593107935	6.107361882175556e-6	0.2098982988321905	0.0002189203252270718	9.756506429185447e-6	9.726497006506962e-6
2.	24.22899085154164	0.2	0.03333758967100742	0.7511042864211607	0.001728159026868878	6.0995008827927816e-6	0.21358929796910245	0.00022454355459808952	9.724767376148936e-6	0.00001002385637974279
2.	24.518680782860994	0.2	0.033173256621488956	0.7475628975075066	0.0017262308132205064	6.091127718330581e-6	0.21729144914367401	0.00023021980248145947	9.692595395300331e-6	9.854983910123627e-6
2.	24.80837071418035	0.2	0.03300754052849218	0.7440130846829857	0.001724144395445456	6.082255642777597e-6	0.22100378255502204	0.0002359476731369406	9.660004772641472e-6	9.41790927494468e-6
2.	25.098060645499707	0.2	0.03284058233003612	0.7404544184847224	0.0017219044573578127	6.0728987702576804e-6	0.22472534939727826	0.00024172583025719376	9.62699786071215e-6	9.946601577992542e-6
2.	25.387750576819066	0.2	0.03267263571194584	0.736888954957045	0.001719516913966886	6.063075677665816e-6	0.2284551497613135	0.0002475531195460771	9.593607421484752e-6	0.000010126460505105461
2.	25.67744050813842	0.2	0.03250387177857486	0.7333174602501347	0.0017169853884548849	6.052796972244383e-6	0.2321923766687049	0.00025342809618532635	9.559849579405927e-6	9.825020973130982e-6
2.	25.967130439457776	0.2	0.03233441966408804	0.7297402776094627	0.0017143133445792057	6.04207280882864e-6	0.23593603544041158	0.00025934930872732856	9.525735080846042e-6	9.562559922376979e-6
2.	26.256820370777135	0.2	0.03216440887905708	0.7261581169944299	0.0017115051111294668	6.030916493224536e-6	0.23968527680694326	0.00026531545303681256	9.491279284458288e-6	9.3458389101575e-6
2.	26.54651030209649	0.2	0.031993959645821406	0.7225717896732434	0.0017085652681876231	6.019342310271749e-6	0.2434395603324898	0.00027132529282416763	9.456498727204919e-6	8.780445123285352e-6
2.	26.836200233415845	0.2	0.031823133797345304	0.7189813573781252	0.0017054989377084005	6.007366540577508e-6	0.24719747983621077	0.0002773777238939952	9.421400838387906e-6	9.144960175677674e-6
2.	27.125890164735203	0.2	0.03165206186154841	0.7153880238422007	0.0017023090040502366	5.99499766486506e-6	0.25095851883827375	0.00028347129223838284	9.386006029034508e-6	9.620164023671496e-6
2.	27.415580096054562	0.2	0.031480844992803535	0.7117928112411034	0.0016990000501877559	5.98225022583123e-6	0.2547220467355838	0.0002896048543574168	9.35033301749226e-6	9.709875738228568e-6
2.	27.705270027373917	0.2	0.031309556451561096	0.7081963031069232	0.0016955757226493771	5.969135541308469e-6	0.25848730243768897	0.0002957771439775509	9.314394690875299e-6	9.516001658604889e-6
2.	27.994959958693272	0.2	0.031138253219895433	0.7045988713620882	0.0016920391665720296	5.955663234082145e-6	0.2622535918328632	0.0003019868326066369	9.278201030634886e-6	9.301922740512225e-6
2.	28.28464989001263	0.2	0.030966998482773345	0.7010012056005023	0.0016883946110871676	5.941846808501569e-6	0.26602019000530736	0.0003082328118603785	9.241766197172545e-6	9.036641660908895e-6
2.	28.57433982133199	0.2	0.030795841582378903	0.6974039045291694	0.0016846468876709735	5.927701948655799e-6	0.26978608958935685	0.0003145141295861301	9.205103346366794e-6	9.075579888995211e-6
2.	28.864029752651344	0.2	0.030624848219445878	0.6938076648804001	0.0016807980951811026	5.9132347804246845e-6	0.27355085797177137	0.000320829351422805	9.168225730723782e-6	9.08824699830113e-6
2.	29.153719683970703	0.2	0.030454061113566917	0.6902129490660217	0.0016768512850013138	5.898454838372512e-6	0.27731380581674325	0.00032717724389480746	9.131143974975105e-6	9.257019933595068e-6
2.	29.443409615290058	0.2	0.030283532434132013	0.686620515493761	0.0016728102325613877	5.883374256306141e-6	0.28107447986611056	0.0003335567436424682	9.093872525490204e-6	9.221855536145629e-6
2.	29.733099546609417	0.2	0.030113302214018315	0.6830309196662991	0.0016686782281397636	5.868003510223477e-6	0.28483222773844685	0.00033996672822018937	9.05642306144042e-6	9.037421365543086e-6
2.	30.02278947792877	0.2	0.029943398513401973	0.6794445758849117	0.0016644587599793151	5.852353818668143e-6	0.28858624118137244	0.00034640648414470393	9.018805501709645e-6	9.066822371173178e-6
2.	30.31247940924813	0.2	0.029773858832354266	0.6758621293611758	0.0016601555759961047	5.8364373566032096e-6	0.29233592734842073	0.00035287869780665544	8.981032627372484e-6	9.213746889835672e-6
2.	30.602169340567485	0.2	0.02960472840285425	0.6722842822979496	0.0016557712130291845	5.820262082523112e-6	0.2960809447715959	0.0003593783522052467	8.943117406799546e-6	9.07470028338464e-6
2.	30.891859271886844	0.2	0.029436025959307215	0.6687112882363667	0.0016513079813580487	5.803835199220171e-6	0.2998207563263526	0.00036590422441654997	8.90506709319074e-6	8.913436999713475e-6
2.	31.1815492032062	0.2	0.02926777839498715	0.6651436246859919	0.0016467687426067505	5.787165885806872e-6	0.3035547249726678	0.0003724552359693362	8.866891839161072e-6	8.860801891330539e-6
2.	31.471239134525554	0.2	0.02910002016501599	0.6615819754577429	0.0016421568728017715	5.770265164635082e-6	0.30728241796206024	0.00037903045819336474	8.828604479896477e-6	8.6288190210837e-6
2.	31.760929065844913	0.2	0.028932763789545103	0.658026634495872	0.001637475428130577	5.753142967287574e-6	0.31100314858346234	0.00038562893192518074	8.790212823711435e-6	8.595628097574082e-6
2.	32.050618997164264	0.2	0.028766029456783762	0.654477979677393	0.0016327267142827915	5.735806620570116e-6	0.31471647052043655	0.00039224955125207925	8.751725370692127e-6	8.808273231297736e-6
2.	32.34030892848362	0.2	0.02859984971090076	0.6509366540033255	0.001627913366446252	5.718264639941233e-6	0.31842209418807244	0.00039889131433771803	8.713153982393078e-6	8.879152277319058e-6
2.	32.62999885980298	0.2	0.028434246131348647	0.6474031276280849	0.0016230380433862547	5.700525652780932e-6	0.3221195579654229	0.00040555325939059365	8.674508322132005e-6	8.77644671393174e-6
2.	32.91968879112234	0.2	0.028269232743715293	0.6438777177063727	0.0016181030214361888	5.682596970985105e-6	0.32580837915275995	0.00041223436114267423	8.635795944986405e-6	8.65041760222951e-6
2.	33.2093787224417	0.2	0.0281048256717298	0.6403608058555202	0.0016131107373875224	5.6644864966157555e-6	0.3294881376016965	0.00041893366366982355	8.597025209455575e-6	8.521983499487629e-6
2.	33.49906865376106	0.2	0.027941037643550604	0.636852791874631	0.0016080643493996223	5.64620468971601e-6	0.3331583351840345	0.00042565043678496325	8.558204911446013e-6	8.474306909644902e-6
2.	33.78875858508041	0.2	0.027777886800331067	0.6333540555496575	0.0016029656583238007	5.627757267918327e-6	0.3368186288955514	0.0004323836263768721	8.51934304038729e-6	8.451712491308605e-6
2.	34.07844851639977	0.2	0.02761538549569614	0.6298648932546412	0.0015978165563409505	5.609150293021408e-6	0.3404686384173659	0.0004391322263015866	8.480446525215615e-6	8.524899361206373e-6
2.	34.36813844771912	0.2	0.02745355151132833	0.626385756453398	0.0015926195012782335	5.5903918346063304e-6	0.3441080603471022	0.00044589541382702454	8.441524395776014e-6	8.526381231666047e-6
2.	34.65782837903848	0.2	0.02729239716481384	0.6229169813567851	0.00158737665876117	5.5714889571096675e-6	0.3477365709079688	0.00045267231986481827	8.402584083595666e-6	8.430102849177334e-6
2.	34.947518310357836	0.2	0.02713193263521118	0.6194588642580563	0.0015820900970070417	5.552448402919635e-6	0.3513537715981076	0.00045946207909328173	8.363632435691991e-6	8.326884121612199e-6
2.	35.237208241677195	0.2	0.02697216315309001	0.6160116710803891	0.0015767624469593758	5.533278908151237e-6	0.35495917159626955	0.0004662640262309089	8.324676077770145e-6	8.43441815284729e-6
2.	35.52689817299655	0.2	0.02681310955485706	0.6125758622580678	0.0015713954050217218	5.5139859470456585e-6	0.358552679406466	0.00047307725283048894	8.285723689486404e-6	8.362136809880738e-6
2.	35.81658810431591	0.2	0.026654777144819786	0.609151627184861	0.0015659906323557266	5.494574887838622e-6	0.3621339593718624	0.0004799008675265969	8.246780490429204e-6	8.250223686612213e-6
2.	36.10627803563526	0.2	0.026497172471727778	0.605739188689554	0.0015605498721293959	5.4750514033257565e-6	0.3657026595776639	0.0004867340297438769	8.207852105791812e-6	8.220307777750957e-6
2.	36.39596796695462	0.2	0.02634030827997419	0.6023389156790475	0.0015550752411247653	5.4554224929575785e-6	0.3692585537489733	0.0004935760453033355	8.168946097559694e-6	8.11558308388971e-6
2.	36.68565789827397	0.2	0.026184190706219936	0.5989510436689239	0.0015495686292822319	5.4356943752756465e-6	0.3728013337697554	0.0005004261841848337	8.130068225035456e-6	8.001347258423941e-6
2.	36.97534782959333	0.2	0.026028821837211488	0.5955757369700185	0.0015440318965048777	5.415873177838579e-6	0.3763306289376217	0.0005072837400089431	8.091223296854664e-6	8.080745456662264e-6
2.	37.26503776091269	0.2	0.025874214734393143	0.5922133220795075	0.0015384665250446719	5.395963717393039e-6	0.3798463175322839	0.0005141479101751978	8.052417990747319e-6	8.135254878305354e-6
2.	37.55472769223205	0.2	0.025720378305269874	0.5888640819885768	0.0015328743031491638	5.375971897344275e-6	0.3833481984508538	0.0005210180232075558	8.013658515028198e-6	8.07295704546851e-6
2.	37.84441762355141	0.2	0.025567316071616372	0.5855281787337098	0.0015272567017608893	5.35590252093557e-6	0.3868360156375746	0.0005278933311472811	7.974949396367432e-6	7.9836216702045e-6
2.	38.134107554870766	0.2	0.025415032210517507	0.5822057912728734	0.0015216152315787172	5.335760543144265e-6	0.3903095252628041	0.0005347731267084596	7.93629535347599e-6	7.927134974661243e-6
2.	38.42379748619012	0.2	0.02526353390726058	0.5788971903934311	0.001515951826117251	5.315552413249143e-6	0.3937685084518591	0.000541656882733978	7.89770239017381e-6	7.84298618466961e-6
2.	38.71348741750948	0.2	0.025112824134521674	0.5756025334246285	0.0015102679591467837	5.295282979413735e-6	0.39721272462215146	0.0005485439435192255	7.859174869853265e-6	7.810633052940386e-6
2.	39.00317734882883	0.2	0.024962907154372792	0.5723219680742863	0.0015045647199061897	5.274955752413329e-6	0.40064202744769034	0.0005554335391235347	7.820716858484318e-6	7.824108868459412e-6
2.	39.29286728014819	0.2	0.024813788604462303	0.5690557031982512	0.001498843604217395	5.254575679029632e-6	0.404056250099489	0.0005623250736555114	7.782333316731427e-6	7.834844245713235e-6
2.	39.582557211467545	0.2	0.02466547402116869	0.5658039462367596	0.001493106101167555	5.2341476922555644e-6	0.4074552453952778	0.0005692179795802666	7.744029155296462e-6	7.776118353841621e-6
2.	39.872247142786904	0.2	0.024517965466050742	0.5625668256217626	0.0014873534878341163	5.21367599132197e-6	0.41083882727437293	0.0005761116387344021	7.705808172906094e-6	7.702835253808882e-6
2.	40.16193707410626	0.2	0.02437126374538265	0.5593444666162025	0.0014815872519807424	5.1931655231162655e-6	0.4142067640489576	0.0005830065515616162	7.667674175358217e-6	7.71862039167237e-6
2.	40.451627005425614	0.2	0.024225375435025356	0.5561370865076068	0.0014758087594490376	5.172620815812718e-6	0.41755897669366787	0.0005899020085977808	7.629632065186656e-6	7.677974837305701e-6
2.	40.74131693674497	0.2	0.024080302651274418	0.5529447944672052	0.0014700190307551841	5.1520451956552e-6	0.4208953391651069	0.0005967965799868373	7.591685214295984e-6	7.596060475845157e-6
2.	41.031006868064324	0.2	0.023936045478785056	0.5497676677786831	0.0014642191262194337	5.131442136642019e-6	0.42421568730158765	0.0006036896606825758	7.553836574446831e-6	7.559211905538987e-6
2.	41.32069679938368	0.2	0.02379260755747139	0.5466058654673026	0.0014584103191089151	5.11081586690033e-6	0.42751991669612727	0.0006105807583576278	7.5160901909076146e-6	7.508385765353509e-6
2.	41.61038673070304	0.2	0.023649991517077758	0.5434595233891506	0.0014525938171288711	5.09017039221753e-6	0.430807920999147	0.0006174693823666748	7.47844976382553e-6	7.41072473675608e-6
2.	41.9000766620224	0.2	0.023508195713143117	0.5403287057871162	0.0014467708727094923	5.069509882242359e-6	0.4340794904544929	0.0006243550906721413	7.440918069588641e-6	7.412571983889116e-6
2.	42.18976659334176	0.2	0.023367222904053506	0.5372135242894318	0.0014409423776910366	5.048837249994465e-6	0.4373345793451626	0.0006312373118470931	7.403498330046718e-6	7.444934564004857e-6
2.	42.47945652466112	0.2	0.023227076622595533	0.5341141243855397	0.0014351094557025186	5.028156227396035e-6	0.4405731418419867	0.0006381155994362534	7.366194262481093e-6	7.4039385119517576e-6
2.	42.76914645598047	0.2	0.023087756622424602	0.5310305694772441	0.0014292730509438286	5.0074699240984494e-6	0.44379506827998383	0.0006449894541417261	7.3290084442990545e-6	7.3356453377804165e-6
2.	43.05883638729983	0.2	0.022949262254208954	0.5279629134010009	0.0014234340769039586	4.986781348384878e-6	0.4470002506582353	0.0006518583863397198	7.291943294546481e-6	7.294441962901743e-6
2.	43.34852631861918	0.2	0.022811595537172064	0.5249112724978205	0.0014175936240148192	4.966094134395988e-6	0.4501886322617599	0.0006587220120472687	7.25500207510738e-6	7.2179730509769335e-6
2.	43.63821624993854	0.2	0.02267475526416487	0.5218757093864581	0.0014117528240254955	4.945412066652511e-6	0.45336007183248306	0.0006655799959904534	7.218187352365651e-6	7.185284811417336e-6
2.	43.927906181257896	0.2	0.022538741731571537	0.5188562695147088	0.0014059122894496065	4.924737116255314e-6	0.4565145511599496	0.0006724317833486886	7.181501257375063e-6	7.1687838554823635e-6
2.	44.217596112577255	0.2	0.022403554760272185	0.5158530113349173	0.0014000728845887827	4.9040721417492835e-6	0.4596520050514329	0.000679276958760768	7.144946159478416e-6	7.17493788626733e-6
2.	44.50728604389661	0.2	0.022269195620181086	0.5128660262521977	0.001394235558821872	4.883420304804273e-6	0.46277240991983115	0.0006861151725936186	7.108524861753768e-6	7.134056069835193e-6
2.	44.796975975215965	0.2	0.022135663095677077	0.5098953479928705	0.0013884011005302998	4.862784208094453e-6	0.4658757018021851	0.0006929460215297792	7.072239346084721e-6	7.077202999139498e-6
2.	45.08666590653532	0.2	0.022003229428390524	0.5069473158301756	0.0013825875424699184	4.84222685393901e-6	0.4689551935081914	0.0006997778530215663	7.0361791087658225e-6	7.053610897089779e-6
2.	45.37635583785468	0.2	0.021872256334694584	0.5040303384691179	0.0013768187031733042	4.821831502368949e-6	0.4720021117859999	0.0007066224962130318	7.00046261500232e-6	7.030379298944567e-6
2.	45.66604576917404	0.2	0.02174209854000557	0.5011295924359047	0.0013710547180313206	4.801458386061274e-6	0.47503202355312607	0.0007134593274487395	6.964885635208431e-6	6.9699670975365e-6
2.	45.95573570049339	0.2	0.021612753510231376	0.49824507493059483	0.001365296216763258	4.781109570764735e-6	0.4780448797765443	0.0007202879532543051	6.9294495335264785e-6	6.926503041182475e-6
2.	46.24542563181275	0.2	0.021484219794029754	0.49537680759187996	0.0013595438911172255	4.760787343604484e-6	0.4810406609044623	0.0007271080328189145	6.894155992457074e-6	6.898998348325858e-6
2.	46.53511556313211	0.2	0.021356496923361404	0.4925248342109968	0.0013537984891065663	4.740494192703977e-6	0.4840193759867131	0.0007339192774490359	6.859006982630105e-6	6.834618180462382e-6
2.	46.82480549445147	0.2	0.02122958205421898	0.4896891515856147	0.0013480607027671389	4.72023241398377e-6	0.48698096824084863	0.0007407213915138991	6.8240038294607195e-6	6.795792622638075e-6
2.	47.11449542577082	0.2	0.021103472824332076	0.48686975798979926	0.0013423311390595956	4.70000400917391e-6	0.48992541625301306	0.0007475140541097206	6.78914782718124e-6	6.807735677127891e-6
2.	47.40418535709018	0.2	0.020978168898597216	0.48406668622953525	0.0013366103862316508	4.679810918081228e-6	0.4928527781311908	0.0007542969536474076	6.754440691804993e-6	6.779589879490899e-6
2.	47.69387528840954	0.2	0.020853667825731365	0.4812799290642965	0.0013308990041511278	4.659654984623589e-6	0.4957630486157386	0.0007610697824397253	6.7198835943151575e-6	6.7260526580015245e-6
2.	47.983565219728895	0.2	0.020729966576643142	0.47850946538121225	0.001325197509606682	4.639537905257707e-6	0.49865621354634254	0.0007678322271768002	6.685477492876249e-6	6.68522111330061e-6
2.	48.27325515104825	0.2	0.02060706317971902	0.4757552979296373	0.0013195064806889284	4.6194615943102315e-6	0.501532288752175	0.0007745840288426798	6.651223660160606e-6	6.640167342752967e-6
2.	48.562945082367605	0.2	0.020484955408003137	0.4730174328942139	0.0013138265934841832	4.5994283122826496e-6	0.504391265363374	0.0007813250073588106	6.6171234889844295e-6	6.595305253709327e-6
2.	48.852635013686964	0.2	0.020363640203623107	0.47029583969132943	0.0013081582573776223	4.579439388999752e-6	0.5072331591241	0.0007880548453758813	6.583177609954171e-6	6.568438804865906e-6
2.	49.14232494500632	0.2	0.020243114681409265	0.4675904910965434	0.001302501885155625	4.559496169161921e-6	0.5100579950796105	0.0007947732434576952	6.549386857142014e-6	6.5645176544615325e-6
2.	49.432014876325674	0.2	0.02012337711729403	0.46490139084497617	0.0012968580151272815	4.5396004397192675e-6	0.5128658210411053	0.0008014799959882257	6.515752437586586e-6	6.533385069285025e-6
2.	49.72170480764503	0.2	0.02000442445253654	0.46222851133092346	0.001291227093992433	4.519753669665392e-6	0.5156566559105902	0.0008081748603224564	6.48227510265139e-6	6.486597965205121e-6
2.	50.01139473896439	0.2	0.01988625328395298	0.45957181646415146	0.0012856095401701277	4.499957231655601e-6	0.518430513473196	0.000814857630777659	6.448955467741452e-6	6.449650519990691e-6
2.	50.30108467028374	0.2	0.019768860787283214	0.4569312936321293	0.0012800059342095928	4.480213068395805e-6	0.5211873986801879	0.0008215290643557813	6.41579449846674e-6	6.4316887657955846e-6
2.	50.5907746016031	0.2	0.01965224452187278	0.4543069165645729	0.0012744166051647837	4.460522244762376e-6	0.5239273868923853	0.0008281879924418974	6.382792875301325e-6	6.3869013176010014e-6
2.	50.88046453292246	0.2	0.019536400701120157	0.45169863528159304	0.001268841886013613	4.4408858417978185e-6	0.5266505019415048	0.0008348341642731641	6.34995095755904e-6	6.345139653363141e-6
2.	51.17015446424182	0.2	0.01942132578016515	0.4491064062150762	0.001263282135749028	4.421305033940684e-6	0.5293567736865051	0.0008414673611791892	6.317269183204529e-6	6.3235162912622656e-6
2.	51.45984439556117	0.2	0.01930701733816477	0.44653021130217696	0.0012577377808064235	4.40178123391887e-6	0.5320462659540753	0.0008480874257301514	6.284748333524545e-6	6.278417812421999e-6
2.	51.74953432688053	0.2	0.01919347170611409	0.44397000417887406	0.0012522091738213952	4.3823155983405085e-6	0.5347190091999233	0.0008546941683166939	6.2523887804457325e-6	6.229257352163842e-6
2.	52.03922425819989	0.2	0.01908068482876681	0.4414257357099811	0.0012466967190983844	4.362909466742131e-6	0.537375007128192	0.0008612874510604334	6.220190861284986e-6	6.225253434632982e-6
2.	52.328914189519246	0.2	0.01896865411072508	0.4388973714910595	0.0012412006803245931	4.343563688592048e-6	0.5400143580450613	0.0008678670553604931	6.18815505645324e-6	6.205053780461434e-6
2.	52.6186041208386	0.2	0.018857376140611313	0.4363848668349322	0.0012357213746425739	4.324279302422259e-6	0.5426371162816251	0.0008744328139242816	6.1562816987898135e-6	6.162274961973857e-6
2.	52.908294052157956	0.2	0.01874684686053655	0.43388816164423527	0.0012302590714433792	4.305057181584175e-6	0.545243320222105	0.0008809845405588767	6.124570897792389e-6	6.122603939395788e-6
2.	53.197983983477314	0.2	0.01863706254536855	0.4314072030704123	0.0012248140564304253	4.2858982583793566e-6	0.547833020002921	0.0008875220747254437	6.0930228509688605e-6	6.092351883868474e-6
2.	53.48767391479667	0.2	0.018528020101539373	0.42894195511574323	0.00121938668494718	4.266803710591885e-6	0.5504062789937236	0.0008940453215058897	6.061637989676987e-6	6.046978829998828e-6
2.	53.777363846116025	0.2	0.018419715363852632	0.42649235649886214	0.0012139772362848424	4.247774451614655e-6	0.5529631311422425	0.0009005541466460275	6.030416374519291e-6	6.017837660188263e-6
2.	54.06705377743538	0.2	0.018312144361715472	0.4240583399466792	0.001208585871173842	4.228810981688305e-6	0.5555036475454168	0.0009070483414599263	5.999357931676708e-6	6.005122572982913e-6
2.	54.35674370875474	0.2	0.018205303811958517	0.42163985958136424	0.0012032128641823858	4.209914201031895e-6	0.5580279051988487	0.0009135277944027837	5.968462897848656e-6	5.980835042329602e-6
2.	54.6464336400741	0.2	0.01809918994013951	0.4192368577439265	0.001197858452486922	4.191084880619386e-6	0.5605359685071467	0.0009199923799495958	5.937731330311224e-6	5.941891470184757e-6
2.	54.93612357139345	0.2	0.01799379856570064	0.4168492669619055	0.0011925228413073505	4.172323681159715e-6	0.5630278910870166	0.0009264419613113552	5.9071631345627605e-6	5.906259077592679e-6
2.	55.22581350271281	0.2	0.017889125770691097	0.41447702920212476	0.0011872062955738715	4.153631473770776e-6	0.5655037244525013	0.0009328764611871989	5.8767583507425964e-6	5.884186447979722e-6
2.	55.51550343403217	0.2	0.01778516808683475	0.4121200916622109	0.0011819090448075915	4.135009007125647e-6	0.5679635506100151	0.0009392957889066275	5.846517063565161e-6	5.849798217938407e-6
2.	55.80519336535153	0.2	0.01768192125133989	0.40977837899242137	0.0011766312134405773	4.116456663644218e-6	0.5704074400414719	0.0009456997829988067	5.816439012313222e-6	5.812261663740159e-6
2.	56.09488329667088	0.2	0.01757938094478339	0.4074518176438137	0.0011713729611852804	4.0979749505610055e-6	0.5728354516849675	0.0009520883206782507	5.786523962175216e-6	5.790469621236305e-6
2.	56.38457322799024	0.2	0.01747754363982208	0.40514035205715354	0.001166134495731562	4.079564544287479e-6	0.5752476714317833	0.0009584613299383928	5.756771921934876e-6	5.757481026824607e-6
2.	56.6742631593096	0.2	0.017376405282266354	0.4028439140996148	0.0011609159850005468	4.061225983391363e-6	0.5776441694983317	0.0009648187189149959	5.727182710335187e-6	5.715189888122474e-6
2.	56.963953090628955	0.2	0.01727596147326513	0.4005624317248715	0.0011557176255623098	4.042959907911164e-6	0.5800249908842733	0.0009711604316525032	5.697756095151985e-6	5.6949004674233805e-6
2.	57.25364302194831	0.2	0.017176208330313702	0.39829583642478755	0.0011505395412675162	4.024766704705212e-6	0.5823902250324162	0.0009774863634118148	5.6684918536748515e-6	5.679541098424501e-6
2.	57.543332953267665	0.2	0.017077142103793446	0.396044063293831	0.0011453818712024142	4.0066468151135075e-6	0.5847399646059822	0.0009837964329430563	5.639389806619196e-6	5.645045432767226e-6
2.	57.833022884587024	0.2	0.016978758388305773	0.3938070335627221	0.0011402447273367118	3.988600586767494e-6	0.5870742754108428	0.000990090546488355	5.6104495725661834e-6	5.608763717468435e-6
2.	58.12271281590638	0.2	0.016881052857303902	0.39158466995931973	0.0011351282224014196	3.970628371079354e-6	0.5893932263523519	0.0009963686210504891	5.581670780475315e-6	5.583359201533078e-6
2.	58.412402747225734	0.2	0.016784021813206318	0.38937690947487236	0.001130032506984002	3.952730652962484e-6	0.5916969088769921	0.0010026306174061312	5.553053251977978e-6	5.543979886168948e-6
2.	58.70209267854509	0.2	0.016687660924560442	0.38718367889122274	0.0011249577463633771	3.934907969759363e-6	0.5939853760691574	0.0010088765211671246	5.524596670543828e-6	5.5149395591369554e-6
2.	58.99178260986445	0.2	0.016591965852587647	0.38500489425414974	0.0011199039698135177	3.917160384105058e-6	0.5962587166620863	0.0010151062070847903	5.496300518462475e-6	5.495893893980863e-6
2.	59.2814725411838	0.2	0.016496932588367243	0.38284048313233593	0.0011148712779222808	3.899488209078774e-6	0.5985170172092629	0.0010213196224074558	5.468164447579556e-6	5.476681495086844e-6
2.	59.57116247250316	0.2	0.016402557179897165	0.38069037444291115	0.0011098597751459352	3.881891772251684e-6	0.6007603657767114	0.0010275167279440041	5.440188120324892e-6	5.444205618099218e-6
2.	59.86085240382252	0.2	0.016308835247742404	0.3785544868908177	0.0011048695329281364	3.864371286662731e-6	0.6029888351765372	0.0010336974638095612	5.412371043444618e-6	5.411316878256578e-6
2.	60.15054233514188	0.2	0.016215762509677448	0.37643274181775094	0.0010999006337923817	3.84692700501512e-6	0.6052024992458779	0.0010398620788956937	5.384712754071709e-6	5.386787000571935e-6
2.	60.44023226646123	0.2	0.01612333511297804	0.3743250725297807	0.0010949532147643637	3.829559371514232e-6	0.6074014393341315	0.0010460105758044581	5.357212959393628e-6	5.359673169391677e-6
2.	60.72992219778059	0.2	0.0160315487557375	0.3722313940788003	0.0010900272811379084	3.8122683704897906e-6	0.6095857481295726	0.001052142591369364	5.32987106822474e-6	5.326895011870114e-6
2.	61.01961212909995	0.2	0.01594039900816575	0.3701516220709814	0.0010851228743804472	3.79505411363275e-6	0.6117554993667359	0.001058258069952568	5.3026865019401635e-6	5.303555670299609e-6
2.	61.309302060419306	0.2	0.01584988186700872	0.3680856817530601	0.0010802400611003452	3.7779168013758236e-6	0.6139107828471264	0.0010643569885583173	5.2756588108330396e-6	5.278566344579794e-6
2.	61.59899199173866	0.2	0.015759993279167425	0.3660334969556693	0.0010753789007353508	3.7608566098616247e-6	0.6160516864975766	0.0010704393259691784	5.248787516037658e-6	5.244184272279462e-6
2.	61.888681923058016	0.2	0.0156707288853523	0.3639949855267515	0.0010705394460179588	3.7438736925493306e-6	0.6181782806831105	0.001076505062863215	5.222072049255542e-6	5.216522211970442e-6
2.	62.178371854377374	0.2	0.015582084463957134	0.3619700676758235	0.0010657217477862812	3.726968197018687e-6	0.6202906427452418	0.001082554186432695	5.195511865108191e-6	5.202212561505881e-6
2.	62.46806178569673	0.2	0.015494056146990206	0.3599586676084762	0.0010609258258010854	3.7101401628940594e-6	0.6223888794322437	0.0010885866604647934	5.169106452247987e-6	5.174185861100966e-6
2.	62.757751717016085	0.2	0.015406639613516864	0.3579607012508599	0.001056151697387543	3.693389621992795e-6	0.6244730695712473	0.0010946024533172874	5.1428551812993985e-6	5.142024049220595e-6
2.	63.04744164833544	0.2	0.015319830519114074	0.3559760837490007	0.0010513993746444712	3.676716588546432e-6	0.6265432903184589	0.0011006015349384138	5.116757403260119e-6	5.117787254871331e-6
2.	63.3371315796548	0.2	0.015233624919926591	0.3540047393254384	0.0010466688935929934	3.660121161113094e-6	0.628599634537246	0.0011065839074278537	5.0908125913394875e-6	5.088295206956417e-6
2.	63.62682151097416	0.2	0.015148018702131897	0.3520465899073686	0.0010419602996715642	3.643603471830482e-6	0.6306421799447653	0.0011125495907626003	5.065020184817933e-6	5.057951828257856e-6
2.	63.91651144229351	0.2	0.015063007566099554	0.35010155019296224	0.001037273587030116	3.62716347411767e-6	0.6326710067164812	0.0011184985579922202	5.0393795009412825e-6	5.036215960485535e-6
2.	64.20620137361287	0.2	0.014978587366508273	0.34816953701122855	0.001032608740784926	3.610801090425835e-6	0.6346862058858619	0.0011244307785336469	5.01388987506533e-6	5.019415992291165e-6
2.	64.49589130493223	0.2	0.014894754211517163	0.3462504743230414	0.001027965779114602	3.5945163594213157e-6	0.6366878726190364	0.001130346263898552	4.988550742966542e-6	4.992287032434817e-6
2.	64.78558123625159	0.2	0.014811503875933435	0.3443442781348102	0.0010233446939383508	3.5783092285318458e-6	0.6386760872318142	0.0011362450036412621	4.963361418300398e-6	4.962750633996649e-6
2.	65.07527116757095	0.2	0.014728832148016856	0.3424508645607698	0.0010187454747967633	3.5621796374389842e-6	0.6406509295790693	0.0011421269907337893	4.938321208705828e-6	4.939066975961914e-6
2.	65.36496109889029	0.2	0.014646735153888639	0.34057015957580145	0.0010141681603434377	3.5461276981079104e-6	0.6426124836343206	0.0011479922796395607	4.913429564936762e-6	4.9150683082421764e-6
2.	65.65465103020966	0.2	0.014565208799431153	0.338702079641673	0.0010096127157455136	3.5301532660868456e-6	0.6445608410341942	0.001153840849123471	4.8886857775070626e-6	4.886806566628543e-6
2.	65.94434096152901	0.2	0.014484248866017912	0.33684653895845784	0.0010050791051730143	3.5142561939678565e-6	0.6464960834245137	0.001159672681715125	4.864089100172057e-6	4.862707928432464e-6
2.	66.23403089284837	0.2	0.014403851310278671	0.33500345626538125	0.0010005673103758604	3.4984363963263022e-6	0.6484182962541314	0.0011654877852825915	4.839638847539558e-6	4.842638153923495e-6
2.	66.52372082416773	0.2	0.01432401228004268	0.33317275456636103	0.000996077323356374	3.482693824083071e-6	0.6503275725616351	0.0011712861854018878	4.8153343888963075e-6	4.814389378826611e-6
2.	66.81341075548708	0.2	0.014244727655908713	0.3313543504699679	0.0009916091145460776	3.4670283532233616e-6	0.6522239922844841	0.0011770678881506383	4.791174994299913e-6	4.785558589293082e-6
2.	67.10310068680644	0.2	0.014165993364757809	0.3295481638852145	0.0009871626863391233	3.4514399719584728e-6	0.6541076251379359	0.0011828329429314575	4.767159983831623e-6	4.770542849419357e-6
2.	67.39279061812579	0.2	0.014087805604268398	0.32775411560980056	0.0009827379878698211	3.435928482744656e-6	0.655978575919575	0.0011885813415585254	4.743288663915498e-6	4.747608445043738e-6
2.	67.68248054944516	0.2	0.014010160358254213	0.32597212365084316	0.0009783349815450986	3.4204937348954655e-6	0.6578369278515929	0.0011943130961218809	4.719560302991847e-6	4.719567907929267e-6
2.	67.9721704807645	0.2	0.01393305354582354	0.3242021043817118	0.0009739536228746386	3.4051355540491434e-6	0.6596827595716148	0.0012000282149756483	4.695974139480419e-6	4.6955274455307006e-6
2.	68.26186041208386	0.2	0.013856481274575679	0.3224439783996497	0.0009695938777125789	3.389853802438126e-6	0.6615161571865447	0.001205726723774567	4.672529466560893e-6	4.672683940332156e-6
2.	68.55155034340322	0.2	0.0137804397505539	0.3206976688614644	0.0009652557217199841	3.374648376996423e-6	0.6633372081968814	0.0012114086653515258	4.649225609892574e-6	4.644155651933879e-6
2.	68.84124027472258	0.2	0.013704924975432478	0.3189630947978965	0.0009609391239851625	3.35951915208212e-6	0.6651459851098699	0.0012170740795012834	4.626061832171743e-6	4.622394162545618e-6
2.	69.13093020604194	0.2	0.013629932989404028	0.31724017263708315	0.0009566440091004922	3.344465846887202e-6	0.6669425767695913	0.0012227229543751597	4.6030373394429845e-6	4.606174598742463e-6
2.	69.42062013736128	0.2	0.013555460090200627	0.31552882639533786	0.0009523703402016986	3.3294883157413323e-6	0.66872707490089	0.0012283553306877458	4.580151448455757e-6	4.583454366380302e-6
2.	69.71031006868066	0.2	0.013481502389681804	0.31382897561864975	0.0009481180647875612	3.3145863586820397e-6	0.6704995607543094	0.0012339712335229615	4.557403405213804e-6	4.557352689782412e-6
2.	70.	0.2	0.013408055971494777	0.31214053905314293	0.0009438871257700736	3.299759760078554e-6	0.6722601125735309	0.0012395706859143893	4.534792438236539e-6	4.534830386759836e-6