2.	1.	0.30000000000000004	0.	0.	0.	0.00018064093104410963	0.24666258335726965	0.000012413209691873938	0.00018586452461331483	0.7531443625019943
2.	1.06735	0.30000000000000004	0.	0.	0.	0.0001954045380063665	0.266192571635748	0.00001544516311843338	0.00017854854278064692	0.7335965786631272
2.	1.1347	0.30000000000000004	0.	0.	0.	0.00020875009472019336	0.2863697654092029	0.000018850568163043066	0.00017206947883536115	0.7134026339279138
2.	1.20205	0.30000000000000004	0.	0.	0.	0.0002205273615111146	0.3068232489517695	0.000022616402055688172	0.00016924364526261113	0.6929336072846637
2.	1.2694	0.30000000000000004	0.	0.	0.	0.00023062873123106485	0.3272378614003317	0.00002672294239978269	0.0001704814736296132	0.6725047869260374
2.	1.33675	0.30000000000000004	0.	0.	0.	0.0002389871725444499	0.3473418365517793	0.0000311447651054066	0.00017419446950277302	0.6523880315105708
2.	1.4041000000000001	0.30000000000000004	0.	0.	0.	0.00024557184356637423	0.36689881049231776	0.000035851709224261716	0.00017920034940506344	0.6328197659548915
2.	1.47145	0.30000000000000004	0.	0.	0.	0.00025038273539254856	0.3857034642491832	0.000040809777199349584	0.0001846273687940227	0.6140053432382249
2.	1.5388000000000002	0.30000000000000004	0.	0.	0.	0.0002534453909958607	0.4035760414515134	0.00004598198356371065	0.0001898405891784039	0.596124531173927
2.	1.60615	0.30000000000000004	0.	0.	0.	0.0002548048493220473	0.42035845170109964	0.00005132893105672552	0.000194385853924723	0.5793354145185216
2.	1.6735000000000002	0.30000000000000004	0.	0.	0.	0.00025451993813534673	0.4359094175796007	0.00005680915703545343	0.00019794642610125015	0.5637792533252285
2.	1.74085	0.30000000000000004	0.	0.	0.	0.00025265809572354894	0.4500987104473243	0.00006237922575288654	0.00020030931846940202	0.5495862522311993
2.	1.8082	0.30000000000000004	0.	0.	0.	0.0002492900582400049	0.4628020406838533	0.00006799333961639341	0.00020133840822152076	0.5368806759182904
2.	1.87555	0.30000000000000004	0.	0.	0.	0.0002444858726634186	0.4738932713892262	0.00007360272140252062	0.00020095346626980667	0.5257886400167079
2.	1.9429	0.30000000000000004	0.	0.	0.	0.0002383107627119517	0.4832368667480831	0.0000791543655366435	0.00019911313175638039	0.5164456681236683
2.	2.01025	0.30000000000000004	0.	0.	0.	0.00023082165056973448	0.49067816599747766	0.0000845892213655198	0.00019580129187736676	0.5090064231305871
2.	2.0776000000000003	0.30000000000000004	0.	0.	0.	0.00022206383143055078	0.4960316427431499	0.00008983950842341714	0.00019101587602640276	0.5036564539169961
2.	2.14495	0.30000000000000004	0.	0.	0.	0.0002120677866183971	0.49906586554388116	0.00009482487796682013	0.00018475952555266516	0.5006272417915336
2.	2.2123	0.30000000000000004	0.	0.	0.	0.00020084603229092516	0.49948358714915353	0.00009944695869837093	0.00017703160877462947	0.5002161198598571
2.	2.27965	0.30000000000000004	0.	0.	0.	0.0001883897879539534	0.4968951123367123	0.00010358152381346713	0.00016782118956684352	0.5028129163515203
2.	2.3470000000000004	0.30000000000000004	0.	0.	0.	0.00017466561435952298	0.49078182968070944	0.00010706726932449712	0.00015710077041974557	0.5089364374356065
2.	2.347	0.30000000000000004	0.	0.	0.	0.00017466561435952284	0.4907818296807088	0.00010706726932538447	0.00015710077041974547	0.5089364374356062
2.	2.3715401216290193	0.30000000000000004	0.	0.	0.	0.00016933875580821934	0.48754844573181905	0.00010813616682804588	0.00015281037256999796	0.5121740793455447
2.	2.3960802432580386	0.30000000000000004	0.	0.	0.	0.00016383181645755935	0.4837158519084389	0.00010907859429791915	0.00014831000177160638	0.5160112376808056
2.	2.4206203648870583	0.30000000000000004	0.	0.	0.	0.0001581403719086073	0.4792382505953799	0.00010988049256731339	0.00014359600295301854	0.5204937285401442
2.	2.4451604865160776	0.30000000000000004	0.	0.	0.	0.00015225950376187113	0.4740645367229422	0.00011052613032657582	0.00013866427530087925	0.5256726776429694
2.	2.469700608145097	0.30000000000000004	0.	0.	0.	0.0001461838395397012	0.46813776251518874	0.0001109979024305607	0.00013351030698330725	0.531605055742841
2.	2.4942407297741163	0.30000000000000004	0.	0.	0.	0.00013990764664517573	0.4613945387888334	0.00011127614004893605	0.00012812923613161163	0.5383542774244725
2.	2.518780851403136	0.30000000000000004	0.	0.	0.	0.00013342494184508393	0.45376460632385957	0.00011133892098365754	0.00012251596057590334	0.5459906298133117
2.	2.5433209730321553	0.30000000000000004	0.	0.	0.	0.00012672968121260782	0.4451705163634023	0.00011116194149335726	0.00011666530991979783	0.5545915920138917
2.	2.5678610946611746	0.30000000000000004	0.	0.	0.	0.00011981604622588502	0.43552760123271167	0.00011071850617820338	0.0001105722982258713	0.5642418642148842
2.	2.592401216290194	0.30000000000000004	0.	0.	0.	0.0001126788394520015	0.4247446007754096	0.00010997973645618618	0.0001042325050039857	0.5750327406486822
2.	2.6169413379192137	0.30000000000000004	0.	0.	0.	0.00010531405502906188	0.41272535623057893	0.00010891521313510762	0.00009764260766715897	0.5870604145012569
2.	2.641481459548233	0.30000000000000004	0.	0.	0.	0.00009771969026007758	0.39937238261695585	0.00010749445605135087	0.00009080114199229729	0.6004224032367327
2.	2.6660215811772523	0.30000000000000004	0.	0.	0.	0.00008989682352004709	0.3845941933126685	0.00010568997509060387	0.00008370953450945096	0.6152102198887208
2.	2.6905617028062716	0.30000000000000004	0.	0.	0.	0.00008185107094436932	0.36831942561509395	0.00010348356230721874	0.00007637348407549736	0.6314952397516544
2.	2.7151018244352914	0.30000000000000004	0.	0.	0.	0.00007359439871735795	0.3505251214250272	0.00010087955387332388	0.00006880469166247557	0.6493004046223821
2.	2.7396419460643107	0.30000000000000004	0.	0.	0.	0.00006514698874983277	0.3312976356436364	0.00009793473500107204	0.00006102266487937142	0.6685392826326126
2.	2.76418206769333	0.30000000000000004	0.	0.	0.	0.00005653791686212886	0.3109795016143488	0.00009483490731002044	0.00005305540963464477	0.6888691255614792
2.	2.7887221893223493	0.30000000000000004	0.	0.	0.	0.00004779828923337616	0.2906101983966419	0.00009213685634497205	0.00004493303678096414	0.7092498664577798
2.	2.8132623109513686	0.30000000000000004	0.	0.	0.	0.00003890656558854005	0.2738762048988518	0.0000919141875392516	0.000036636277806849444	0.7259929743480205
2.	2.8378024325803883	0.30000000000000004	0.	0.	0.	0.00002799836026305145	0.3148362886138418	0.0001183885260139411	0.000026407573047440097	0.6850173244998812
2.	2.8623425542094076	0.30000000000000004	0.	0.	0.	0.000023684754118114186	0.19596447079307977	0.00007452983668487178	0.00002213298554819185	0.8039373146161173
2.	2.886882675838427	0.30000000000000004	0.	0.	0.	0.000017090416679924848	0.127726295774969	0.000046715463391494206	0.00001599616965869905	0.8722098983449595
2.	2.9114227974674467	0.30000000000000004	0.	0.	0.	0.000010661333983958977	0.07479665384793559	0.000026808662853862034	9.994045732452403e-6	0.9251658761552266
2.	2.9359629190964656	0.30000000000000004	0.	0.	0.	5.307858744963385e-6	0.035506483768099395	0.000012563939451495456	4.982996829522164e-6	0.9644756444337041
2.	2.9605030407254853	0.30000000000000004	0.	0.	0.	1.743362388416416e-6	0.01121513244812385	3.933539516791725e-6	1.638989814934106e-6	0.988779190649971
2.	2.9850431623545046	0.30000000000000004	0.	0.	0.	4.6674463545766295e-7	0.0029032232736381468	1.0118375053803544e-6	4.3940185479867174e-7	0.997095298144221
2.	3.009583283983524	0.30000000000000004	0.	0.	0.	2.2807031113662236e-6	0.013768612031581915	4.776649793530219e-6	2.149921807923645e-6	0.9862243306155132
2.	3.0341234056125437	0.30000000000000004	0.	0.	0.	6.6951680243449795e-6	0.03933785459614823	0.000013601843814803666	6.319240410487697e-6	0.9606418483920126
2.	3.058663527241563	0.30000000000000004	0.	0.	0.	0.000013517648434632447	0.07746578617103243	0.000026722055902731543	0.000012774175004003605	0.9224939741246302
2.	3.0832036488705823	0.30000000000000004	0.	0.	0.	0.000022225541298161352	0.12444135181311934	0.000042857682268137216	0.000021027705456516903	0.8754935649633143
2.	3.1077437704996016	0.30000000000000004	0.	0.	0.	0.000032161461139337056	0.17618219822765696	0.000060617646678488285	0.00003046234279878539	0.8237250226645252
2.	3.132283892128621	0.30000000000000004	0.	0.	0.	0.00004266588118481388	0.22894574056812075	0.00007873472929456522	0.000040455450268158795	0.7709328588213998
2.	3.1568240137576407	0.30000000000000004	0.	0.	0.	0.00005316300431856955	0.27972024871511264	0.00009619312028356337	0.000050461020920763775	0.7201303951602852
2.	3.18136413538666	0.30000000000000004	0.	0.	0.	0.00006320065621110408	0.3263453388072324	0.00011226581571205157	0.00006004824297003274	0.6734791947208445
2.	3.2059042570156793	0.30000000000000004	0.	0.	0.	0.00007245338348742653	0.36744200963623647	0.00012648898122765955	0.00006890522499757608	0.6323590479990484
2.	3.230444378644699	0.30000000000000004	0.	0.	0.	0.0000807034721912224	0.4022466544339564	0.00013860487057858675	0.00007682164255352391	0.5975340372232738
2.	3.2549845002737183	0.30000000000000004	0.	0.	0.	0.00008781300097688353	0.430422083738838	0.00014849760793553672	0.00008366267058187939	0.5693416056522496
2.	3.2795246219027376	0.30000000000000004	0.	0.	0.	0.00009369539028603722	0.451886836218316	0.00015613545802054644	0.00008934223739088334	0.5478633329333774
2.	3.304064743531757	0.30000000000000004	0.	0.	0.	0.00009829043957186945	0.4666782829984544	0.00016152455525414084	0.0000937994362743541	0.5330619020067195
2.	3.3286048651607762	0.30000000000000004	0.	0.	0.	0.00010154384439669601	0.47484947264427924	0.00016467395392299208	0.00009697907543969474	0.5248843095574011
2.	3.353144986789796	0.30000000000000004	0.	0.	0.	0.00010339059489225538	0.47639291032089126	0.00016556958787937738	0.00009881583666511079	0.5233381294963371
2.	3.3776851084188153	0.30000000000000004	0.	0.	0.	0.00010374110789220486	0.47118304603800837	0.0001641542796254137	0.00009922098197964022	0.5285490585744741
2.	3.4022252300478346	0.30000000000000004	0.	0.	0.	0.0001024691167700985	0.4589309972186059	0.00016031158397062498	0.00009807068893883788	0.5408062220806533
2.	3.4267653516768544	0.30000000000000004	0.	0.	0.	0.00009940118602614637	0.439149707610099	0.00015385281285360263	0.00009519590763369223	0.5605970383910213
2.	3.4513054733058732	0.30000000000000004	0.	0.	0.	0.00009430980812053382	0.41113707054668186	0.0001445098698825185	0.00009037563112709987	0.5886241097753151
2.	3.475845594934893	0.30000000000000004	0.	0.	0.	0.00008691685497568908	0.37400442353351604	0.0001319436807787309	0.00008334008390520117	0.6257767159307295
2.	3.5003857165639123	0.30000000000000004	0.	0.	0.	0.00007692489742248208	0.32682087110098623	0.00011579387543398974	0.00007380067850713393	0.6729864101261573
2.	3.5249258381929316	0.30000000000000004	0.	0.	0.	0.00006411615954716063	0.269030383161796	0.00009583025064452054	0.0000615450098360273	0.7308096704280123
2.	3.5494659598219513	0.30000000000000004	0.	0.	0.	0.00004859640843064188	0.20143926598752504	0.00007238196356620087	0.00004667133256852277	0.7984397556404781
2.	3.57400608145097	0.30000000000000004	0.	0.	0.0009476353462397573	0.000031259659686899345	0.1280384256317981	0.00004678379733785732	0.000030035859214848057	0.8709358955649373
2.	3.59854620307999	0.30000000000000004	0.	0.	0.0006595545672700364	0.000014655650933273337	0.0593311317628407	0.000021807890226177273	0.000014088350513603339	0.9399728501287298
2.	3.6230863247090093	0.30000000000000004	0.	0.	0.0001707873790548902	3.0629317734790732e-6	0.01225849984596616	4.526654419398253e-6	2.9456512778004226e-6	0.9875631231887861
2.	3.6476264463380286	0.30000000000000004	0.	0.	0.00008244155608447337	1.2765116538680637e-6	0.0050517795761548185	1.872960363143162e-6	1.2281398428518446e-6	0.9948626293957437
2.	3.6721665679670483	0.30000000000000004	0.	0.	0.0007831873065858943	0.00001084873620954029	0.0424631194754465	0.00001580087321261435	0.000010441708615515497	0.9567270436085454
2.	3.6967066895960676	0.30000000000000004	0.	0.	0.002126364852812226	0.00002693657063560816	0.10429858143061208	0.00003894256300590658	0.00002593550740916632	0.8935091745829341
2.	3.721246811225087	0.30000000000000004	0.	0.	0.0036461182552804086	0.0000428773106865972	0.16426843985335896	0.00006153159012972067	0.00004129818125946503	0.8319810329905444
2.	3.7457869328541067	0.30000000000000004	0.	0.	0.004900501174865779	0.000054080304751378095	0.20504091307102337	0.00007704092068499984	0.0000521056297992543	0.7899274645286745
2.	3.7703270544831256	0.30000000000000004	0.	0.	0.0056663107917252	0.00005916558700400065	0.22203786213528473	0.00008367506316817559	0.00005702276550279593	0.7721529864228179
2.	3.7948671761121453	0.30000000000000004	0.	0.	0.005900666465799031	0.00005867274309005147	0.2179866560001255	0.00008238470564305415	0.000056564085383087295	0.7759716200853424
2.	3.8194072977411646	0.30000000000000004	0.	0.	0.005654226836602397	0.00005381767827490385	0.1979844247510797	0.0000750345200656316	0.00005189751420107925	0.7962324962139773
2.	3.843947419370184	0.30000000000000004	0.	0.	0.0050183922473856415	0.00004591784285614874	0.16729186899891121	0.00006357532851815273	0.00004429069313108744	0.8275802455823289
2.	3.8684875409992037	0.30000000000000004	0.	0.	0.004105409381785874	0.0000362396598033443	0.13077883590448966	0.000049832047730680404	0.0000349636625639459	0.8650296830061905
2.	3.893027662628223	0.30000000000000004	0.	0.00010515115223761239	0.0030432169606499993	0.000025994550970835296	0.09293225702960028	0.000035503546900054203	0.000025084737841854413	0.9038578767596411
2.	3.9175677842572423	0.30000000000000004	0.	0.0004361093340242188	0.0019737374841551497	0.000016356343456483744	0.05793889529579463	0.000022191574448612662	0.00001578704147911782	0.9396127099681209
2.	3.9421079058862616	0.30000000000000004	0.	0.0006383824229843518	0.0010465209498101973	8.432744099611081e-6	0.029601931934720948	0.00001136661082750776	8.140738098725761e-6	0.9686933653375575
2.	3.966648027515281	0.30000000000000004	0.	0.0004901299497402193	0.00040149706729535273	3.1519752130416688e-6	0.010966468495119217	4.221361491459625e-6	3.04334537629284e-6	0.9881345311511408
2.	3.9911881491443006	0.30000000000000004	0.	0.000318261753819189	0.00015459656090571988	1.1844986047659438e-6	0.004085221651228169	1.5763735144342197e-6	1.143852522798215e-6	0.9954391591619276
2.	4.0157282707733195	0.30000000000000004	0.	0.0013904490026204407	0.0004454424958785735	3.336043331610462e-6	0.01140703013773216	4.412230771004135e-6	3.222017043908487e-6	0.9867493300896663
2.	4.040268392402339	0.30000000000000004	0.	0.005511575674046185	0.0012519640748585026	9.177774844542881e-6	0.03111713027784972	0.000012064581526235142	8.865189823096019e-6	0.9620980876168749
2.	4.064808514031359	0.30000000000000004	0.	0.015005110889910554	0.002547024802676597	0.000018298861131645168	0.061527253321477834	0.000023910724664772	0.000017677595309916173	0.9208784014001387
2.	4.089348635660378	0.30000000000000004	0.	0.03207885325972007	0.004234134868416915	0.00002984619570999241	0.09953426948666647	0.000038770044953790896	0.000028835717616409165	0.8640841261445328
2.	4.113888757289398	0.30000000000000004	0.	0.058176586871173865	0.006160013864798089	0.000042646424927930704	0.14107957407602464	0.00005507731371551973	0.00004120608966175654	0.7944861014493598
2.	4.1384288789184165	0.30000000000000004	0.	0.09352604492614187	0.008145972182967524	0.000055440191227783585	0.18195359056367041	0.00007119362420198518	0.000053571644915308676	0.7162477585117903
2.	4.162969000547436	0.30000000000000004	0.	0.1370549723675298	0.0100237416957951	0.00006712163738680014	0.21857894066335581	0.0000857132487317008	0.00006486328622405785	0.6341895103872007
2.	4.187509122176456	0.30000000000000004	0.	0.18669736200357345	0.011664861030316498	0.00007691358011386375	0.24854961482671664	0.00009767862802205567	0.00007432935833291914	0.5529135699312575
2.	4.212049243805476	0.30000000000000004	0.	0.2399239614647093	0.01299477319848395	0.00008442988169210827	0.2707846081198428	0.0001066461564659832	0.0000815961075536198	0.47610558117880586
2.	4.236589365434495	0.30000000000000004	0.	0.2942658228123908	0.013990736496776261	0.00008963169049175551	0.28533798674402927	0.00011261696957043247	0.00008662551927559541	0.4062032052867415
2.	4.261129487063514	0.30000000000000004	0.	0.3476706953737299	0.014669227839353392	0.00009272356478674271	0.2930285298465224	0.00011589525269199655	0.00008961498217083965	0.3444229281229156
2.	4.285669608692533	0.30000000000000004	0.	0.3986528906411033	0.015070190630071967	0.00009404003437561026	0.29505639711758785	0.00011693943503801058	0.00009088765367933871	0.29100954214182323
2.	4.310209730321553	0.30000000000000004	0.	0.4462833400232446	0.015243363520586714	0.0000939546337491657	0.29270677445609	0.00011624596200188715	0.00009080451211013934	0.24555632140432754
2.	4.334749851950573	0.30000000000000004	0.	0.49009295507354667	0.015238823682280913	0.00009282157618217398	0.2871672120246276	0.00011427684151424876	0.00008970794458181919	0.2072939108018484
2.	4.359289973579592	0.30000000000000004	0.	0.5299497299881282	0.015101667515580581	0.00009094633747267759	0.27944137631357635	0.00011142475286283372	0.00008789328070024729	0.17530485509237936
2.	4.3838300952086104	0.30000000000000004	0.	0.5659448673538494	0.01486977162583682	0.00008857627214478971	0.2703273366461657	0.00010800354597532599	0.00008559969670132081	0.14866144455602792
2.	4.40837021683763	0.30000000000000004	0.	0.5983025801355771	0.014573468781790654	0.00008590277274729991	0.26043153513158657	0.00010425295122159558	0.00008301228418740723	0.12650226022707678
2.	4.43291033846665	0.30000000000000004	0.	0.6273153068740817	0.014236216022331633	0.00008306875464060644	0.2501980689564302	0.00010034951908409383	0.00008026927438284212	0.10806698987343183
2.	4.45745046009567	0.30000000000000004	0.	0.6533007499912855	0.013875663698957093	0.00008017773439857096	0.23994143925595027	0.00009641911127775256	0.00007747080772724455	0.09270555020813079
2.	4.481990581724689	0.30000000000000004	0.	0.6765751820638936	0.013504783598449798	0.00007730250851067409	0.2298767186830109	0.00009254852294498359	0.00007468731976457571	0.07987346462319006
2.	4.506530703353708	0.30000000000000004	0.	0.6974383344707222	0.013132899005229666	0.00007449263381740872	0.2201449408597796	0.0000887953264227864	0.0000719667715812204	0.06912053770402832
2.	4.531070824982727	0.30000000000000004	0.	0.7161660965402105	0.01276655711707166	0.00007178050541323545	0.21083334715781965	0.00008519576230369113	0.00006934052534667976	0.06007702291718131
2.	4.555610946611747	0.30000000000000004	0.	0.7330067713120395	0.012410210427411842	0.00006918597417912006	0.20199056980144	0.00008177067931506951	0.00006682780846415516	0.05244149180561444
2.	4.580151068240767	0.30000000000000004	0.	0.7481810393239939	0.012066764114249777	0.00006671993705260841	0.1936382499564157	0.00007853009894983607	0.00006443918554417827	0.045968696569338136
2.	4.604691189869786	0.30000000000000004	0.	0.7618835376258698	0.011737995626555612	0.0000643870152212853	0.18577958099399855	0.00007547658637410247	0.00006217914836180207	0.040459022151980634
2.	4.629231311498805	0.30000000000000004	0.	0.7742850240409219	0.011424868407568452	0.00006218750625046629	0.17840544984631063	0.00007260768365750782	0.000060048003747936753	0.035749862515291025
2.	4.653771433127824	0.30000000000000004	0.	0.7855348390244629	0.011127766000711825	0.00006011880204556377	0.17149883346784806	0.00006991765820308771	0.00005804324551851512	0.03170852504672861
2.	4.678311554756844	0.30000000000000004	0.	0.7957633818391823	0.010846665400936982	0.00005817640920193112	0.1650379072565994	0.00006739874602435862	0.000056160541485896606	0.02822647034805506
2.	4.702851676385864	0.30000000000000004	0.	0.80508445532609	0.010581264529610942	0.00005635467617510293	0.15899821743748194	0.0000650420257801208	0.0000543944369426007	0.02521466600486194
2.	4.727391798014883	0.30000000000000004	0.	0.8135974132654615	0.010331075344339833	0.000054647305936895054	0.15335418024722064	0.00006283802499782416	0.00005273885115911817	0.022599845812043273
2.	4.751931919643902	0.30000000000000004	0.	0.821389070886936	0.010095491442929925	0.00005304771310611533	0.14808009604050196	0.00006077713398081287	0.00005118742320183322	0.02032151678254518
2.	4.776472041272921	0.30000000000000004	0.	0.8285355122360079	0.009873835340246793	0.000051549261206194265	0.1431509183627676	0.00005884987092978585	0.000049733759591408564	0.018329334928841756
2.	4.801012162901941	0.30000000000000004	0.	0.8351033710632554	0.00966539581124491	0.00005014544023048251	0.13854250615262811	0.00005704708058484956	0.00004837157556694376	0.016581534452056262
2.	4.89262894023382	0.30000000000000004	0.	0.855422298097163	0.008991933038810306	0.00004563802690430482	0.12380093709604312	0.000051274805937352395	0.00004399531104094022	0.01168791893514197
2.	4.984245717565699	0.30000000000000004	0.	0.8707095245097178	0.008457498628682301	0.00004207941125493601	0.11220973470030615	0.00004673154707591184	0.00004053665264645726	0.008534431202962864
2.	5.075862494897577	0.30000000000000004	0.	0.8824457913460437	0.00803246915436249	0.00003924650705783591	0.10299920878649457	0.00004312027142833824	0.00003778009934915588	0.0064401639346130385
2.	5.167479272229456	0.30000000000000004	0.	0.8916111068882955	0.007693528448850901	0.00003697195032558129	0.09560404443511598	0.00004022096169939525	0.00003556395597886587	0.005014127315712658
2.	5.259096049561335	0.30000000000000004	0.	0.8988753780223943	0.007422704564197588	0.00003513110689434516	0.08961020124801121	0.000037871935656428824	0.00003376781545739236	0.004018713122846171
2.	5.350712826893214	0.30000000000000004	0.	0.9047066142454003	0.00720616869367662	0.00003363069012143718	0.08471223720451107	0.000035953495847820166	0.0000323015750390081	0.003305395670442718
2.	5.442329604225092	0.30000000000000004	0.	0.9094397407848602	0.007033240852747209	0.000032400293092864555	0.08068262768643471	0.000034376138256885775	0.00003109725797636961	0.0027776142446081092
2.	5.533946381556971	0.30000000000000004	0.	0.9133196552832055	0.006895614010311875	0.00003138622749313291	0.07735000299262879	0.000033072194695247755	0.000030103059654096014	0.0023702692916655055
2.	5.62556315888885	0.30000000000000004	0.	0.9165288736353384	0.006786771330017725	0.000030547105301297525	0.07458382483035667	0.00003198992044397258	0.000029279076036949783	0.002037993178541919
2.	5.717179936220729	0.30000000000000004	0.	0.9192057259294799	0.006701554364518311	0.000029850674481639974	0.0722835673716918	0.000031089304516271126	0.00002859424330171807	0.0017482123553120704
2.	5.808796713552608	0.30000000000000004	0.	0.9214566073156756	0.00663584374231604	0.00002927154103208504	0.07037102233369946	0.00003033907980914594	0.000028024133956944578	0.0014769159874676724
2.	5.900413490884486	0.30000000000000004	0.	0.9233644023385814	0.006586322165021859	0.00002878951545829349	0.06878477001819322	0.00002971456922442775	0.000027549356578182383	0.0012060013935207836
2.	5.992030268216365	0.30000000000000004	0.	0.924994388216588	0.006550297283624593	0.000028388400550963237	0.0674761655197306	0.00002919611740373981	0.000027154382290490762	0.0009215644621021479
2.	6.083647045548244	0.30000000000000004	0.	0.926384081035615	0.006525467035189498	0.000028054658323218516	0.06640536184963361	0.00002876743384278085	0.000026826259202250108	0.0006282679873959168
2.	6.175263822880122	0.30000000000000004	0.	0.9275551397083399	0.006509882102095943	0.000027777026925843945	0.06553982189828893	0.000028415203049419026	0.000026554238253508634	0.00033896406129996226
2.	6.266880600212001	0.30000000000000004	0.	0.9285410737005774	0.0065020453134271294	0.000027546766681278627	0.06485444894248109	0.00002812904902738613	0.000026330001568372392	0.00004675622780575539
2.	6.3584973775438804	0.30000000000000004	0.	0.929369154574454	0.006500710853065228	0.000027356658027512857	0.06432888056738996	0.00002790045359648453	0.00002614669892651687	1.e-10
2.	6.4501141548757595	0.30000000000000004	0.	0.9299852625448156	0.006505212708495281	0.00002720227273647003	0.0639089881441854	0.00002772577509691549	0.000025993617194418755	1.e-10
2.	6.5417309322076385	0.30000000000000004	0.	0.9302479048199165	0.0065155531199923115	0.000027082215893825697	0.06349347154361751	0.000027607145439529125	0.000025854344118424667	1.e-10
2.	6.633347709539517	0.30000000000000004	0.	0.9304067034758529	0.006529916726385703	0.000026987737344422174	0.06317871356618893	0.000027530021769072377	0.000025739454491633248	1.e-10
2.	6.724964486871396	0.30000000000000004	0.	0.9304790100761963	0.006547688484924465	0.000026915318712833532	0.06295479376875966	0.000027490412833544395	0.000025645592313884412	1.e-10
2.	6.816581264203275	0.30000000000000004	0.	0.930479873547513	0.00656834824820682	0.00002686198622876736	0.06281342105004831	0.000027484980582566903	0.000025569923333086735	0.00008401018742049127
2.	6.908198041535153	0.30000000000000004	0.	0.9304223979458693	0.006591455235218619	0.000026825217751235156	0.06274765700570362	0.00002751092770599417	0.000025510045392484088	0.00018415366775119402
2.	6.999814818867032	0.30000000000000004	0.	0.930318028326023	0.006616635306347846	0.000026802867442988033	0.06275169613385913	0.000027565907433826307	0.000025463915789150906	0.0002592714588932621
2.	7.091431596198911	0.30000000000000004	0.	0.9301700491857849	0.0066435223927736	0.000026792910453618825	0.06282023495532159	0.00002764777516287374	0.000025429608012581993	0.0003117527805033826
2.	7.18304837353079	0.30000000000000004	0.	0.9299773475505755	0.006671774384073042	0.000026793495368387327	0.06294856890423016	0.000027754558106312964	0.0000254053615667953	0.00034776110764661583
2.	7.274665150862669	0.30000000000000004	0.	0.9297430603951632	0.00670112647838604	0.00002680314654625478	0.06313304894503688	0.000027884732290880484	0.000025389773362007643	0.0003680763025767503
2.	7.366281928194548	0.30000000000000004	0.	0.9294695044197969	0.006731348303459602	0.00002682057964163818	0.06337064073100634	0.0000280370052801728	0.00002538162182994852	0.0003736489608153204
2.	7.457898705526426	0.30000000000000004	0.	0.9291582700498985	0.0067622387552893235	0.000026844672492424607	0.06365885332403644	0.00002821028383592003	0.00002537983887907623	0.00036558291444742375
2.	7.549515482858305	0.30000000000000004	0.	0.9288102949681685	0.00679362161731716	0.000026874440674087065	0.06399568489614596	0.000028403647777148994	0.000025383486363748464	0.0003451204299171756
2.	7.641132260190183	0.30000000000000004	0.	0.9284259192779165	0.006825341809338009	0.000026909016812733276	0.06437958401084894	0.000028616328995196014	0.00002539173619322202	0.00031362955608860155
2.	7.732749037522062	0.30000000000000004	0.	0.9280049248940193	0.006857262151038344	0.00002694763295882576	0.0648094244403931	0.000028847694935443704	0.000025403853407085377	0.0002725931866549708
2.	7.824365814853941	0.30000000000000004	0.	0.9275465587507516	0.006889260528222974	0.000026989605387672374	0.06528449438236758	0.000029097236015501765	0.000025419181607326296	0.00022359949725461736
2.	7.91598259218582	0.30000000000000004	0.	0.9270495401147005	0.006921227374381789	0.000027034321331115286	0.06580450013992134	0.00002936455670831428	0.000025437130270431202	0.00016833349295691802
2.	8.007599369517699	0.30000000000000004	0.	0.9265118847135138	0.006953062138241187	0.000027081222339852835	0.06636957413558647	0.000029649366170142354	0.000025457158948499535	0.0001087484241485831
2.	8.099216146849578	0.30000000000000004	0.	0.9259065717751316	0.006984487785429412	0.000027129081420509912	0.06697855568276834	0.000029950700431858062	0.000025478098300654453	0.00007330497481830567
2.	8.190832924181457	0.30000000000000004	0.	0.9251428327418371	0.0070154935502954735	0.00002717772564696376	0.06762114793817371	0.000030269331068013794	0.000025497804708848317	0.0001630787129787703
2.	8.282449701513336	0.30000000000000004	0.	0.9243096280636441	0.00704599387859995	0.000027226703023787948	0.06831030162431856	0.00003060475985609127	0.000025517695720411572	0.0002762449705574904
2.	8.374066478845215	0.30000000000000004	0.	0.9234243830292537	0.007076010576952633	0.00002727598725360143	0.06905059182777841	0.00003095754842855493	0.00002553789677458706	0.0003907810303331316
2.	8.465683256177092	0.30000000000000004	0.	0.9224974832855641	0.0071055712463667965	0.00002732558121207789	0.06984688181054804	0.000031328493731541534	0.00002555842595863301	0.0004914095825774151
2.	8.557300033508971	0.30000000000000004	0.	0.9215374536049598	0.007134697215563612	0.000027375469811441213	0.070705375651499	0.000031718594432203144	0.00002557928245353411	0.0005633794637339984
2.	8.64891681084085	0.30000000000000004	0.	0.9205504897405155	0.007163398770526937	0.000027425601492837203	0.07163410764202942	0.000032129112471682375	0.000025600429455309905	0.0005924491329636766
2.	8.74053358817273	0.30000000000000004	0.	0.9195397178065384	0.007191668237341926	0.000027475861768770456	0.07264370712902216	0.00003256167024946398	0.000025621769776778725	0.0005648692950792622
2.	8.832150365504608	0.30000000000000004	0.	0.9185039738758465	0.00721946920618414	0.000027526032372170513	0.07374864593289708	0.00003301840977520533	0.00002564310817648263	0.0004673665429249102
2.	8.923767142836486	0.30000000000000004	0.	0.9174356880487303	0.007246718477107961	0.000027575723161991725	0.07496938431888538	0.00003350226701280437	0.00002566408854461601	0.0002871311651015396
2.	9.015383920168365	0.30000000000000004	0.	0.9163176879686734	0.007273259016367718	0.000027624270596248806	0.07633639405346163	0.00003401750530226439	0.00002568410035981561	0.000011017185598732882
2.	9.107000697500244	0.30000000000000004	0.	0.9151374522695427	0.007298971435252954	0.000027671162354879096	0.07790008539480514	0.00003457158226338187	0.00002570267439353361	1.e-10
2.	9.198617474832123	0.30000000000000004	0.	0.9138036453426045	0.007323105707332752	0.0000277135063337068	0.07974385868696691	0.00003517508734675502	0.000025717133377502268	1.e-10
2.	9.290234252164002	0.30000000000000004	0.	0.9121152278615432	0.007344017319408352	0.00002774505373304192	0.08203723821612519	0.000035848998023246	0.000025721696967596338	1.e-10
2.	9.38185102949588	0.30000000000000004	0.	0.8488898086453577	0.006747947746570796	0.000025450917221941935	0.07817607788414772	0.00003361387650023369	0.000023572368923290863	0.06612710093020158
2.	9.406924433874892	0.30000000000000004	0.	0.6425718443307393	0.0051153301284219774	0.000019284677149577493	0.06009274657611588	0.00002566110437551248	0.000017856620561642613	0.29217513318319766
2.	9.431997838253903	0.30000000000000004	0.	0.8873477938617803	0.007074146374377499	0.0000266576236959854	0.08456477668486068	0.000035784920468927473	0.000024677186387982394	0.020950840534816564
2.	9.457071242632916	0.30000000000000004	0.	0.8998482171380329	0.007184131360238546	0.000027060263976059895	0.08790542206984804	0.00003673610513304994	0.00002504342653106233	0.004998433062771437
2.	9.482144647011927	0.30000000000000004	0.	0.8989159785129038	0.007186966459125599	0.000027059229233963683	0.09284993861385545	0.000037400722222742685	0.00002503599509160066	0.0009826564626583684
2.	9.507218051390938	0.30000000000000004	0.	0.8897390089064956	0.00717430212976791	0.000026999961954803784	0.0973739296973523	0.00003921153845833717	0.0000248572288391844	0.00564654776597108
2.	9.532291455769949	0.30000000000000004	0.	0.8927981218772096	0.00720909691659029	0.000027119374449693528	0.09516612535486986	0.000038762041360307614	0.000024960891685602788	0.004760774435520171
2.	9.55736486014896	0.30000000000000004	0.	0.8949128508846143	0.007236285708615668	0.000027210180980293694	0.09360116291696839	0.000038732313050239175	0.00002503818888733594	0.004183757995771142
2.	9.582438264527973	0.30000000000000004	0.	0.8960999118853114	0.007255971907146772	0.00002727280623746967	0.09281939889986636	0.000038763371591415625	0.00002508953096671423	0.0037586811298466194
2.	9.607511668906984	0.30000000000000004	0.	0.8969489500236959	0.007272905503077738	0.000027325131378996654	0.09229185679008604	0.00003882486634835344	0.000025131382978570576	0.0034201376854130217
2.	9.632585073285995	0.30000000000000004	0.	0.8975970971066627	0.007288188818610164	0.000027371308541035626	0.09191299824300904	0.00003890319138396455	0.00002516756981787086	0.0031354413317931096
2.	9.657658477665006	0.30000000000000004	0.	0.8981159475633063	0.007302397496225539	0.000027413505718213986	0.09162783295654252	0.00003899236784774855	0.000025200088602508295	0.002887416110359739
2.	9.682731882044017	0.30000000000000004	0.	0.8985422958710874	0.007315827067365801	0.000027452836164983083	0.0914086957042501	0.00003908905491854696	0.00002522996510748973	0.002666639466213233
2.	9.70780528642303	0.30000000000000004	0.	0.8988995271849376	0.007328665396295321	0.000027490007420564217	0.09123716431214152	0.000039191297844686494	0.00002525785130311333	0.002467961801360344
2.	9.73287869080204	0.30000000000000004	0.	0.8992015873899074	0.007341024337929093	0.00002752544085345868	0.09110173501686171	0.00003929778347523822	0.000025284135632454297	0.0022888300309731324
2.	9.757952095181052	0.30000000000000004	0.	0.8994571068585465	0.007352972921818069	0.000027559396623564275	0.09099442004785607	0.000039407578800466015	0.00002530905809834532	0.0021285331963553505
2.	9.783025499560063	0.30000000000000004	0.	0.8996707927900752	0.007364550316594954	0.000027592022583169837	0.09090932074094699	0.00003951996959238792	0.00002533275072219629	0.001988224160207233
2.	9.808098903939074	0.30000000000000004	0.	0.8998360384670226	0.007375786621523563	0.000027623432370256832	0.09084030121345738	0.00003963449597250781	0.000025355107069095466	0.0018806157696536069
2.	9.833172308318087	0.30000000000000004	0.	0.8999588979576193	0.007386643267869911	0.000027653482358819392	0.09078523079143085	0.000039750377877625895	0.000025376212027086727	0.0018018241228435483
2.	9.858245712697098	0.30000000000000004	0.	0.9000306836412596	0.007397047660612076	0.00002768190179119984	0.09074049918675905	0.00003986682542886736	0.000025395818319436837	0.001764220784149173
2.	9.883319117076109	0.30000000000000004	0.	0.9000289660786318	0.0074068137471385315	0.000027707995870810425	0.09070169488461234	0.00003998251730953301	0.000025413289993128176	0.0017948347764369238
2.	9.90839252145512	0.30000000000000004	0.	0.8998938460197792	0.0074154457494573	0.000027729912607721538	0.09066104924356788	0.00004009451234775814	0.000025426930646112583	0.0019618345622401806
2.	9.933465925834131	0.30000000000000004	0.	0.8994313432079044	0.007421338998264107	0.00002774165758752719	0.09059760886693735	0.0000401938913765786	0.0000254312481580113	0.0024817733779299994
2.	9.958539330213144	0.30000000000000004	0.	0.8977115754523421	0.007416800565390781	0.00002771449504147066	0.09041656314461612	0.0000402386785266576	0.000025399913863743995	0.004387107664082873
2.	9.983612734592155	0.30000000000000004	0.	0.8827857656583253	0.0073029427221868405	0.000027279085977732923	0.08891346037377777	0.00003969098958538734	0.000024994546915174378	0.02093086117014699
2.	10.008686138971166	0.30000000000000004	0.	0.8435191373588313	0.006987110375907026	0.000026089897899766505	0.08496554055086736	0.000038042999208452374	0.00002389891535391782	0.06446407881728605
2.	10.033759543350177	0.30000000000000004	0.	0.8963571050669363	0.007434318038844331	0.000027749812751373413	0.09030171655971825	0.00004055238191558664	0.00002541302742446558	0.005838558139834152
2.	10.058832947729188	0.30000000000000004	0.	0.8992149536575392	0.007467553375971042	0.000027863949646172565	0.090609564519178	0.000040809918695250904	0.000025511132722409208	0.00263925457897031
2.	10.083906352108201	0.30000000000000004	0.	0.8998917429594657	0.007482680194317782	0.000027910537914020227	0.09070317087284006	0.000040970376234650384	0.000025547368474047974	0.001853525059227784
2.	10.108979756487212	0.30000000000000004	0.	0.9001087905723352	0.007493960526573132	0.000027942827656663085	0.0907554826763749	0.00004111137509122433	0.000025570510648064507	0.0015727120219689028
2.	10.134053160866223	0.30000000000000004	0.	0.90015764029165	0.007503810368617214	0.00002796983877391228	0.0907954813472116	0.00004124602360014093	0.00002558882126294052	0.0014738521301470714
2.	10.159126565245234	0.30000000000000004	0.	0.9001156907494104	0.007512870631951317	0.00002799396431006996	0.09083062630356895	0.000041377761783856895	0.00002560449283649881	0.0014714405889754145
2.	10.184199969624245	0.30000000000000004	0.	0.9000007291874913	0.00752128731799708	0.00002801575049022833	0.09086240741762182	0.00004150733098743528	0.000025618026924498883	0.0015460529954121477
2.	10.209273374003258	0.30000000000000004	0.	0.8997932554165169	0.0075288951881185	0.00002803458382769844	0.09088858330614345	0.000041633761996492264	0.00002562886437921301	0.0017195977433969584
2.	10.23434677838227	0.30000000000000004	0.	0.8993943742042985	0.007534863062894297	0.000028047372769349955	0.09089891172267434	0.000041752391428495725	0.00002563418174604154	0.0021020512459350577
2.	10.25942018276128	0.30000000000000004	0.	0.8982945040772601	0.0075349108590729305	0.00002803819611451026	0.09084161913931021	0.00004183936956577578	0.000025619435485755848	0.003259088358676429
2.	10.284493587140291	0.30000000000000004	0.	0.8893423892408582	0.007468958854299185	0.00002778358602126166	0.08999274725280842	0.000041560158246744344	0.00002538050113719067	0.013126560907766177
2.	10.309566991519302	0.30000000000000004	0.	0.8738300178906852	0.00734762985130979	0.000027323285885878555	0.08848137065501296	0.00004097163404385859	0.000024953841944013172	0.030272686683062378
2.	10.334640395898315	0.30000000000000004	0.	0.8971852731821525	0.007553169665942518	0.00002807847069969115	0.09090894609036582	0.00004220779208417229	0.000025637208665686694	0.004282324798755302
2.	10.359713800277326	0.30000000000000004	0.	0.898328733418318	0.0075719330487685355	0.000028139128716119417	0.09109026320441169	0.00004240389629466559	0.000025686262906989925	0.0029385273034909787
2.	10.384787204656337	0.30000000000000004	0.	0.8984002790326652	0.007581642777268922	0.000028166181608179583	0.09116553632196604	0.00004255062085259605	0.000025704634770692332	0.002781825065639093
2.	10.409860609035348	0.30000000000000004	0.	0.8982150046455148	0.0075891532929473204	0.000028185117672683523	0.09121718863167422	0.00004268617563315703	0.00002571560202687622	0.0029077821365578044
2.	10.43493401341436	0.30000000000000004	0.	0.8979076994447167	0.007595597230636569	0.00002820014922667751	0.09125875726908177	0.000042816851672210964	0.000025723012485297207	0.0031669290546661177
2.	10.460007417793372	0.30000000000000004	0.	0.8975066929858957	0.007601211053239815	0.000028212157030525664	0.09129300012533074	0.00004294393341463306	0.00002572767200506533	0.003527939745088554
2.	10.485080822172383	0.30000000000000004	0.	0.8970073546184093	0.007605952902746957	0.000028220988025544237	0.09131933509988352	0.0000430671416470283	0.00002572944309996682	0.003996069249287693
2.	10.510154226551395	0.30000000000000004	0.	0.8963807696338257	0.007609574601631656	0.00002822572401866372	0.09133471037185646	0.00004318502448913979	0.00002572749099450176	0.004603534644178314
2.	10.535227630930406	0.30000000000000004	0.	0.8955472922161772	0.007611395670401157	0.000028223844883088236	0.09133089456161901	0.00004329365854377702	0.000025719521921704378	0.005438900048375744
2.	10.560301035309418	0.30000000000000004	0.	0.8941831757477475	0.007608655431713636	0.000028205122254002252	0.09127471384441234	0.000043377225646382264	0.000025696221753894116	0.006861872628226115
2.	10.58537443968843	0.30000000000000004	0.	0.8878366684036435	0.0075634142999484255	0.000028028971815463917	0.0907111121469453	0.000043218743137702056	0.000025529553608479154	0.01381755743450959
2.	10.61044784406744	0.30000000000000004	9.10542496326418e-11	0.8809826585811497	0.007513690826498772	0.000027836383348819935	0.09009621402438703	0.000043034259409619214	0.000025348007772352032	0.021336565834151833
2.	10.635521248446452	0.30000000000000004	2.2346084769182273e-6	0.889928912529445	0.0075987158047861394	0.00002814303271615219	0.0910991526456545	0.00004362286996692906	0.00002562105959124553	0.011299218508954434
2.	10.660594652825463	0.30000000000000004	0.000012231498707725222	0.8882802199024232	0.007593318113894958	0.000028114766265363514	0.09101996665427545	0.00004369429836799814	0.000025589160368692486	0.013022454766065228
2.	10.685668057204474	0.30000000000000004	0.00003303953731101471	0.8851365427482243	0.007575065672074128	0.000028038995297564186	0.09078878372306301	0.00004369228141620817	0.000025514060075309734	0.016394837042613783
2.	10.710741461583487	0.30000000000000004	0.00006659200939236388	0.8802188621347692	0.007541524703624793	0.000027906754359045234	0.09037643602971654	0.00004360221057281435	0.00002538763362916997	0.02172507615756522
2.	10.735814865962498	0.30000000000000004	0.00011397712522150261	0.8721999484501887	0.007481259929891387	0.000027675788020996443	0.08964588749198474	0.000043357167093579125	0.00002517148596388177	0.03048789404759912
2.	10.760888270341509	0.30000000000000004	0.0001749785885197358	0.8578731001919886	0.007366645977979765	0.000027244012696580632	0.0882661341162738	0.00004279553143920004	0.000024772857128465486	0.04624910158110229
2.	10.78596167472052	0.30000000000000004	0.0002459696970067841	0.8286532573427162	0.007123698505785923	0.000026338058794649736	0.08535076615107594	0.000041484149335907895	0.000023943363059439325	0.07855848609528467
2.	10.811035079099533	0.30000000000000004	0.0003112728752186945	0.7585252796128116	0.006528096750129986	0.00002412918739760362	0.07821225026850454	0.00003810805098802692	0.000021930101774699215	0.15636086325494955
2.	10.836108483478544	0.30000000000000004	0.00032490795424911894	0.5956100224090134	0.005131688253840184	0.000018962481779488783	0.061481337908303436	0.000030029581828111193	0.000017230182931698936	0.3374030514109863
2.	10.861181887857555	0.30000000000000004	0.0004045957229034759	0.5754984037946896	0.004963889035011214	0.00001833735439101716	0.059471422138979615	0.00002911891714376419	0.000016658210629002272	0.3596142330368812
2.	10.886255292236566	0.30000000000000004	0.0006546436365407918	0.740861800962081	0.006397241715402127	0.000023625878906808865	0.0766461673758668	0.0000376196920730541	0.000021457385352093163	0.17537890073912946
2.	10.911328696615577	0.30000000000000004	0.0008790006310522397	0.8080307550688463	0.006984881214273917	0.00002578907260411945	0.08369050428477876	0.000041177114989494525	0.000023416495813387038	0.10034789261345523
2.	10.936402100994588	0.30000000000000004	0.0010825547500091922	0.8225367205511952	0.007118032737409198	0.00002627356749864348	0.08529125884120362	0.000042066491828559995	0.000023850790429732094	0.08390309306085562
2.	10.9614755053736	0.30000000000000004	0.001266024504167544	0.8069699095488273	0.006990907737700123	0.000025797396051830143	0.0837747736695804	0.00004141848740835794	0.000023413015163915446	0.10093116865626438
2.	10.986548909752612	0.30000000000000004	0.0014252095308245236	0.7718998515259592	0.006694324159538643	0.000024696370687746234	0.08022859951861186	0.00003976093581239108	0.000022408487850641818	0.1396875579585657
2.	11.011622314131623	0.30000000000000004	0.0016613412680598324	0.77312725865265	0.006712191545216764	0.000024755727119617926	0.0804520465038931	0.000039967608414799985	0.000022457077477601295	0.13798243869464594
2.	11.036695718510634	0.30000000000000004	0.0020235250978219645	0.8170885187559551	0.007101467067136459	0.000026184556071097567	0.0851291880481228	0.00004239264829755322	0.00002374767486402844	0.08858872382659498
2.	11.061769122889647	0.30000000000000004	0.002402606411450061	0.8491527515293664	0.007388026737288579	0.000027234049628448998	0.08857757566723333	0.00004421546468699323	0.000024693725987374013	0.05240759014034617
2.	11.086842527268658	0.30000000000000004	0.002778017272432409	0.8660629052019029	0.007543168561252369	0.000027798735034013476	0.09045263121707725	0.000045259249976269056	0.000025199861126095893	0.03309021976232479
2.	11.111915931647669	0.30000000000000004	0.003160175888444765	0.8751095533142117	0.0076300366341769165	0.000028111635878753704	0.09151095939350755	0.00004589785995697529	0.000025477577808155838	0.022515265273823346
2.	11.13698933602668	0.30000000000000004	0.003556251817562396	0.8802634617349971	0.007683070124305377	0.000028299800775968353	0.09216527042483007	0.00004633586574703928	0.000025642153183915384	0.016257310231782063
2.	11.162062740405691	0.30000000000000004	0.003969778385024597	0.8833556430958845	0.0077181594855873625	0.0000284218418131589	0.09260599342638653	0.000046667789878355864	0.000025746761711033102	0.012275335975425447
2.	11.187136144784702	0.30000000000000004	0.004402448269133596	0.8852671054328985	0.007742953611685044	0.00002850596912664036	0.09292478582396672	0.00004693916987338297	0.000025816994228191805	0.009587261723316004
2.	11.212209549163715	0.30000000000000004	0.004855056642967423	0.8864535826763867	0.007761410343561852	0.000028566778605455622	0.09316906729407975	0.00004717358147278375	0.000025866090622858372	0.007685142682926083
2.	11.237282953542726	0.30000000000000004	0.00532793468157016	0.8871677491968591	0.0077757245359762394	0.000028612363991475422	0.09336512731551189	0.000047384102453844297	0.000025901392409529233	0.006287467803637342
2.	11.262356357921737	0.30000000000000004	0.005821154314109341	0.8875583941793926	0.007787188860720749	0.00002864749186417561	0.09352844221762226	0.000047578435036219814	0.00002592722306676741	0.005228594501254638
2.	11.287429762300748	0.30000000000000004	0.0063346307368237365	0.8877177326075155	0.0077966045656648105	0.00002867511657984048	0.09366859834213775	0.00004776135178795499	0.000025946262302418882	0.0044059972794904395
2.	11.312503166679761	0.30000000000000004	0.006868177092082993	0.8877054548223174	0.007804490324287638	0.0000286971504949464	0.09379179527658672	0.00004793593991971939	0.00002596024472021441	0.0037534493943105346
2.	11.337576571058772	0.30000000000000004	0.007421535504119215	0.8875616631086239	0.007811194601741606	0.00002871487834395833	0.09390219271098935	0.000048104271066412506	0.000025970335683425122	0.003226594925115553
2.	11.362649975437783	0.30000000000000004	0.007994395787463728	0.8873141830820499	0.007816959172835128	0.000028729191466909075	0.0940026717550099	0.00004826778006685579	0.000025977343763578545	0.002794793231107609
2.	11.387723379816794	0.30000000000000004	0.008586407398932207	0.8869828770910659	0.007821956601476698	0.00002874072601186678	0.0940952841981685	0.0000484274885599341	0.000025981846087821133	0.0024363064957848707
2.	11.412796784195805	0.30000000000000004	0.009197187516380453	0.8865822860685693	0.007826313199782354	0.000028749947591324708	0.09418152766634152	0.000048584142009854255	0.000025984265118024838	0.00213535145932528
2.	11.437870188574816	0.30000000000000004	0.009826326800531842	0.88612330132842	0.007830123559267549	0.00002875720486046921	0.09426251982368095	0.00004873829646779808	0.000025984917241838578	0.0018802329867713408
2.	11.46294359295383	0.30000000000000004	0.010473387031637818	0.8856137944948583	0.00783346116777483	0.000028762768644056715	0.09433901616369637	0.00004889038648097218	0.00002598403589107142	0.001662687986907635
2.	11.48801699733284	0.30000000000000004	0.011137870303085527	0.885057277015138	0.007836389960955571	0.000028766874436830574	0.09441105297410314	0.000049040814664070224	0.000025981754229661322	0.0014796020576167829
2.	11.513090401711851	0.30000000000000004	0.01181935719756038	0.8844623665181972	0.007838946077768702	0.00002876965548949683	0.09447987120745767	0.000049189754533434674	0.0000259782863532217	0.0013214995889931636
2.	11.538163806090862	0.30000000000000004	0.012517367477604438	0.8838332386041027	0.00784116569833007	0.00002877124507321862	0.0945458906995163	0.000049337413533606296	0.000025973753440192625	0.0011842288618396923
2.	11.563237210469875	0.30000000000000004	0.013231409260005825	0.8831733242793441	0.007843078542377748	0.000028771752631379494	0.09460945406648003	0.00004948396066264903	0.000025968255047152993	0.001064478138498165
2.	11.588310614848886	0.30000000000000004	0.013960980809380899	0.882485487194602	0.007844709411064521	0.000028771269463177896	0.09467084517123725	0.00004962953570231293	0.00002596187426260973	0.0009595766085498669
2.	11.613384019227897	0.30000000000000004	0.014705572152063752	0.8817721532895839	0.007846079314853283	0.00002876987288136571	0.09473030267967343	0.00004977425597350556	0.00002595468147706394	0.0008673484349707161
2.	11.638457423606908	0.30000000000000004	0.015464666547321928	0.8810354069215351	0.007847206309892187	0.000028767629295316914	0.09478803005726442	0.00004991822134916439	0.000025946737178544213	0.0007860043133417899
2.	11.66353082798592	0.30000000000000004	0.01623774184009235	0.8802770629441499	0.007848106125160095	0.000028764596522828903	0.09484420309565283	0.000050061518014037895	0.000025938094048776225	0.000714059880408055
2.	11.68860423236493	0.30000000000000004	0.01702427171304238	0.8794987213290295	0.007848792637700613	0.00002876082554197261	0.0948989756135351	0.00005020422131593292	0.00002592879855162969	0.0006502736598344994
2.	11.713677636743943	0.30000000000000004	0.01782372685200886	0.8787018090126504	0.007849278236681584	0.000028756361833160372	0.09495248379070068	0.00005034639795010226	0.0000259188921500155	0.0005935993481752666
2.	11.738751041122955	0.30000000000000004	0.018635576032010222	0.8778876121323025	0.007849574103765723	0.00002875124641278129	0.09500484957272412	0.000050488107642111745	0.000025908412243162184	0.0005431488051424876
2.	11.763824445501966	0.30000000000000004	0.019459287134148465	0.877057301184144	0.00784969043186367	0.000028745516639734086	0.09505618324991184	0.00005062940446197937	0.000025897392897994558	0.0004981630788302716
2.	11.788897849880977	0.30000000000000004	0.02029432809611499	0.8762119506840187	0.007849636595987763	0.000028739206845455186	0.09510658553461745	0.00005077033784902804	0.00002588586542052083	0.00045798954456657825
2.	11.81397125425999	0.30000000000000004	0.02114016780321771	0.8753525547268873	0.007849421288381276	0.000028732348832293023	0.09515614914621444	0.00005091095342356869	0.000025873858807874816	0.0004220637330433763
2.	11.839044658639	0.30000000000000004	0.021996276920528867	0.8744800392598089	0.00784905262498245	0.000028724972266277598	0.09520496012848183	0.000051051293624828576	0.000025861400104657053	0.0003898948003068503
2.	11.864118063018012	0.30000000000000004	0.02286212867345489	0.8735952719679999	0.007848538231101194	0.000028717104993278885	0.09525309882740471	0.00005119139822477988	0.00002584851468982626	0.00036105379682117855
2.	11.889191467397023	0.30000000000000004	0.023737199574224026	0.8726990701016369	0.007847885309106819	0.000028708773288915073	0.09530064074958876	0.00005133130473222365	0.000025835226503576074	0.0003351641874222572
2.	11.914264871776034	0.30000000000000004	0.02462097010159174	0.8717922068639699	0.007847100693585681	0.000028700002062280606	0.09534765717515714	0.00005147104872204582	0.000025821558232350555	0.00031189411491133745
2.	11.939338276155045	0.30000000000000004	0.025512925331421177	0.870875416507096	0.0078461908951982	0.00002869081501806419	0.0953942157236507	0.0000516106640957708	0.000025807531456176124	0.0002909500635201179
2.	11.964411680534058	0.30000000000000004	0.02641255552379202	0.8699493985269151	0.007845162136686545	0.00002868123478973967	0.0954403807475154	0.000051750183294142604	0.000025793166769775925	0.00027207164700701614
2.	11.989485084913069	0.30000000000000004	0.02731935666467897	0.8690148210179487	0.007844020381525284	0.000028671283045675033	0.09548621370666002	0.000051889637465319474	0.00002577848387916726	0.00025502730867597856
2.	12.01455848929208	0.30000000000000004	0.028232831172825056	0.8680723297815025	0.007842771414733626	0.000028660980785709674	0.09553177411357731	0.0000520290569816995	0.00002576350186933861	0.00023960347959404993
2.	12.03963189367109	0.30000000000000004	0.029152488902136023	0.8671225656829107	0.007841420998752418	0.000028650348911619393	0.09557712146239858	0.00005216847246458322	0.000025748239717710395	0.000225584132426071
2.	12.064705298050104	0.30000000000000004	0.03007784608904672	0.8661661206350099	0.007839974474680595	0.000028639406770787794	0.0956223103385098	0.00005230791212703463	0.00002573271498582285	0.00021280114385523186
2.	12.089778702429115	0.30000000000000004	0.0310084263634056	0.8652035603540295	0.007838436966258912	0.000028628172902987583	0.09566739290916895	0.00005244740310240248	0.000025716944491829123	0.00020110783113162778
2.	12.114852106808126	0.30000000000000004	0.031943761201067934	0.8642354289389088	0.007836813420177198	0.000028616665188579185	0.09571241941191813	0.000052586971698765126	0.000025700944444498232	0.000190373391040638
2.	12.139925511187137	0.30000000000000004	0.03288339023880915	0.8632622499464496	0.007835108614813903	0.00002860490088126884	0.09575743825438995	0.00005272664344491829	0.000025684730473381422	0.00018048140121113
2.	12.164998915566148	0.30000000000000004	0.03382686155682027	0.8622845273031494	0.007833327167553483	0.000028592896635621832	0.09580249608577425	0.00005286644312702627	0.00002566831765422739	0.0001713285469399778
2.	12.190072319945159	0.30000000000000004	0.03477373192927081	0.8613027460618295	0.007831473540745397	0.000028580668529571888	0.09584763788880139	0.000053006394817583175	0.000025651720529869522	0.00016282351600567513
2.	12.215145724324172	0.30000000000000004	0.03572356704555115	0.8603173730621578	0.007829552046833221	0.000028568232083862587	0.09589290701580062	0.00005314652189871111	0.000025634953128329916	0.0001548860756746262
2.	12.240219128703183	0.30000000000000004	0.036675941702633524	0.8593288574918823	0.007827566852618924	0.00002855560227829832	0.09593834525491067	0.000053286847080037195	0.000025618028978034254	0.0001474462485963196
2.	12.265292533082194	0.30000000000000004	0.037630439970051256	0.8583376313714761	0.007825521982863227	0.000028542793565542647	0.09598399285568524	0.000053427392412353936	0.000025600961120804233	0.00014044363394630222
2.	12.290365937461205	0.30000000000000004	0.03858665532971049	0.857344109997096	0.00782342132353589	0.00002852981988361206	0.09602988857116544	0.00005356817929928878	0.000025583762123660075	0.0001338267793093012
2.	12.315439341840218	0.30000000000000004	0.03954419078982619	0.8563486923071344	0.007821268624396121	0.000028516694665901827	0.09607606968821425	0.0000537092285042298	0.00002556644408839249	0.0001275526672589039
2.	12.340512746219229	0.30000000000000004	0.04050265897729846	0.8553517612514351	0.00781906750162137	0.00002850343085136562	0.09612257204772717	0.00005385056015819751	0.00002554901866125692	0.0001215862309083271
2.	12.36558615059824	0.30000000000000004	0.04146168220616078	0.8543536840897168	0.00781682143981231	0.000028490040892399455	0.09616943007113217	0.00005399219376307859	0.00002553149704059554	0.00011589995852248625
2.	12.390659554977251	0.30000000000000004	0.042420892526508304	0.8533548126967423	0.00781453379407987	0.000028476536763005377	0.09621667678766585	0.000054134148195816	0.00002551388998469706	0.00011047351004495054
2.	12.415732959356262	0.30000000000000004	0.04337993175515136	0.8523554838757	0.007812207792227945	0.000028462929967284688	0.09626434380402228	0.00005427644171300127	0.00002549620781993883	0.00010529340121816222
2.	12.440806363735273	0.30000000000000004	0.0443384514817583	0.8513560195379257	0.007809846535730573	0.00002844923154352057	0.09631246142251255	0.00005441909194777909	0.000025478460444966106	0.00010035269858153784
2.	12.465879768114286	0.30000000000000004	0.045296113066796956	0.85035672705614	0.0078074530023162225	0.00002843545207410015	0.09636105855732095	0.00005456211591726525	0.000025460657340091373	0.00009565074943457264
2.	12.490953172493297	0.30000000000000004	0.04625258761597919	0.8493578994649824	0.007805030047171021	0.000028421601690387433	0.09641016279754223	0.00005470553002075544	0.000025442807572159405	0.00009119294261400457
2.	12.516026576872308	0.30000000000000004	0.04720755594238958	0.8483598157145857	0.00780258040464444	0.000028407690079411628	0.0964598004162529	0.00005484935004141484	0.000025424919801028145	0.00008699048200652704
2.	12.54109998125132	0.30000000000000004	0.04816070851473894	0.847362740924935	0.0078001066899792615	0.00002839372649062799	0.0965099963822242	0.00005499359114840442	0.000025407002286103587	0.00008306017048355374
2.	12.566173385630332	0.30000000000000004	0.049111745391904355	0.8463669266274084	0.007797611400940366	0.000028379719742294952	0.09656077437699276	0.00005513826789791507	0.000025389062892520687	0.00007942421511392128
2.	12.591246790009343	0.30000000000000004	0.050060376144985964	0.8453726110006654	0.007795096919407528	0.000028365678227705507	0.09661215681256227	0.000055283394234367955	0.00002537110909718336	0.0000761100499168249
2.	12.616320194388354	0.30000000000000004	0.05100631976939081	0.8443800191285636	0.007792565513187256	0.000028351609922201124	0.09666416484092959	0.00005542898349291875	0.000025353147995494192	0.00007315015451349327
2.	12.641393598767365	0.30000000000000004	0.05194930458530334	0.8433893632366162	0.007790019337643025	0.00002833752238951025	0.09671681837769952	0.00005557504840117893	0.00002533518630746945	0.00007058189194728004
2.	12.931083530086722	0.30000000000000004	0.06255132083147712	0.8321391910287911	0.007760109499849009	0.000028175378809254872	0.09737708251358207	0.00005730058615750279	0.000025129399390827688	0.00008682016133405857
2.	13.220773461406079	0.30000000000000004	0.07241999797302728	0.8214411115301161	0.007731404212097201	0.000028021739354022418	0.09815159192115479	0.00005911011148004267	0.00002493310736156402	0.00016876251277050947
2.	13.510463392725436	0.30000000000000004	0.08139031442404968	0.8115856169454321	0.007707120751980713	0.000027887835821977364	0.09907182682732314	0.000061028028581506064	0.000024755889797012444	0.00015620518681089268
2.	13.800153324044793	0.30000000000000004	0.08938979446287741	0.8026033699083145	0.007687736072289826	0.000027774975832078065	0.10014403671392745	0.00006305987517674937	0.000024599188652985204	0.0000842279915820171
2.	14.08984325536415	0.30000000000000004	0.0964100907009288	0.7944115545076091	0.007672811778152831	0.000027681203025448268	0.10135948235334108	0.00006520456166583353	0.000024461109558306412	0.000053174895276911216
2.	14.379533186683506	0.30000000000000004	0.10249788394818682	0.7869814998447053	0.007662395011329812	0.000027606361499786804	0.10271637311015962	0.00006746517396530992	0.00002434135298831905	0.00004677655015332405
2.	14.669223118002863	0.30000000000000004	0.10772764034460033	0.7802686506574991	0.007656354874669894	0.000027549690011274572	0.10421117471528477	0.00006984362443316316	0.000024239081130444664	0.000038786093501511076
2.	14.95891304932222	0.30000000000000004	0.11218277101112221	0.7741913153177163	0.007654243160354643	0.000027509320678049558	0.10583456836526657	0.00007233909989678792	0.000024152317733138033	0.00003725372496539425
2.	15.248602980641577	0.30000000000000004	0.11595092489200315	0.7686726196918028	0.0076555384603873705	0.000027483157373494127	0.10757830698851671	0.00007494974462212517	0.00002407909045497388	0.00004017706529432785
2.	15.538292911960934	0.30000000000000004	0.11911820079061526	0.7636433304112742	0.007659674662601312	0.000027468974851388228	0.10943571634601539	0.00007767275710014051	0.000024017524698440753	0.0000379360575422788
2.	15.82798284328029	0.30000000000000004	0.12176331694048405	0.7590307660193175	0.007666100076591484	0.000027464627404210423	0.11139830882821025	0.00008050501351411077	0.00002396565696693196	0.00003353849447834678
2.	16.117672774599647	0.30000000000000004	0.12395749946229008	0.7547695137487709	0.0076743110609124926	0.000027468165491213735	0.11345803177600298	0.0000834433265479473	0.000023921704817502085	0.000029732459984360693
2.	16.407362705919002	0.30000000000000004	0.1257645520315173	0.7508053747999714	0.007683896387998081	0.000027477990652226675	0.1156079155034791	0.00008648497262683363	0.00002388419966849302	0.0000242983137550834
2.	16.69705263723836	0.30000000000000004	0.12723908428339722	0.7470847970107712	0.007694498600683734	0.000027492713560738248	0.11783975423662996	0.00008962742473810833	0.00002385171890271698	0.000024745730218975193
2.	16.986742568557716	0.30000000000000004	0.12842974076403568	0.7435679409403206	0.007705771166804808	0.00002751099829355055	0.12014827492408897	0.00009286773592820114	0.000023823140188773505	0.000027893470528131403
2.	17.276432499877075	0.30000000000000004	0.12937852934964714	0.7402216256412699	0.00771742925831753	0.00002753174168272211	0.12252883683405366	0.00009620326100032766	0.000023797535282539684	0.000029843914028729324
2.	17.56612243119643	0.30000000000000004	0.13012109535500202	0.7370163206696249	0.007729243394871645	0.00002755404843895486	0.12497671649671242	0.00009963168767302709	0.000023774098591739383	0.000029438347677018806
2.	17.85581236251579	0.30000000000000004	0.13068757740834705	0.7339257587889679	0.00774100964383536	0.000027577123151401187	0.127487397269585	0.00010315070363982437	0.000023752112281113178	0.00002752906247341369
2.	18.145502293835143	0.30000000000000004	0.13110360965869927	0.7309279944162534	0.007752562302374685	0.000027600314189181135	0.13005679147017804	0.00010675820274327017	0.00002373098332660921	0.00002468363556212827
2.	18.435192225154502	0.30000000000000004	0.13139039515325548	0.7280024570494683	0.00776379860806095	0.000027623200391064358	0.13268002814640914	0.00011045275141830447	0.000023710200887129866	0.00002524509099674499
2.	18.724882156473857	0.30000000000000004	0.13156700587517917	0.7251364696744211	0.007774581411548213	0.000027645243652179877	0.13535491591140617	0.00011423213296390403	0.000023689395382170177	0.000025149750829206452
2.	19.014572087793216	0.30000000000000004	0.13164899461851204	0.7223166398864859	0.007784805151140421	0.000027666023200919886	0.13807841142905955	0.00011809439803901848	0.000023668205661841315	0.000025388493562206182
2.	19.30426201911257	0.30000000000000004	0.13164970461539355	0.7195327717044797	0.007794400466687093	0.000027685251183732393	0.1408478344197923	0.00012203796456208585	0.000023646372581306004	0.000025565577901565106
2.	19.59395195043193	0.30000000000000004	0.13158053728032085	0.7167768670393325	0.0078033192376323135	0.00002770271880064618	0.14366079428596712	0.00012606144992060797	0.00002362370325571415	0.00002471798802594627
2.	19.883641881751284	0.30000000000000004	0.1314509457242597	0.7140411596576439	0.007811518943396797	0.000027718240282791258	0.14651474923812238	0.00013016346152489546	0.000023600012263198938	0.000023744734769542974
2.	20.17333181307064	0.30000000000000004	0.1312686615404945	0.7113179439672849	0.00781897996919278	0.000027731713935449163	0.14940666393053909	0.00013433693643855263	0.000023575133404170998	0.000025681942114719192
2.	20.463021744389998	0.30000000000000004	0.13104127058251103	0.7086053011304934	0.007825672899111277	0.000027743005751053918	0.15233567652278118	0.00013858058387052047	0.000023549022431092344	0.000025755275481570417
2.	20.752711675709357	0.30000000000000004	0.13077456968588694	0.7058985293982295	0.00783157200874464	0.000027751997083639296	0.15529979814627573	0.00014289635320041834	0.00002352157259028995	0.0000248824105791301
2.	21.04240160702871	0.30000000000000004	0.13047346075681066	0.7031934880936526	0.007836656706600251	0.000027758589530182315	0.15829713748681007	0.0001472826171941142	0.000023492692818476866	0.000024215749402117792
2.	21.332091538348067	0.30000000000000004	0.13014234921331141	0.7004879004226534	0.007840926313627039	0.000027762757049906036	0.16132615505265172	0.00015173804911495852	0.0000234623519786131	0.000023168191591677045
2.	21.621781469667425	0.30000000000000004	0.12978492044663248	0.6977795712121967	0.007844390117125436	0.000027764510472365005	0.16438463952918614	0.0001562614876872251	0.000023430528416630626	0.000022452696699648556
2.	21.911471400986784	0.30000000000000004	0.12940415109407977	0.6950656973731157	0.00784704812467559	0.00002776382920899623	0.16747092854043266	0.00016085156020749882	0.000023397176480706096	0.000023559478279699952
2.	22.20116133230614	0.30000000000000004	0.12900305237913076	0.692345957461917	0.007848896141048766	0.000027760679154813255	0.17058427470903623	0.0001655067347232794	0.000023362303244835585	0.00002455189498914989
2.	22.490851263625494	0.30000000000000004	0.12858410462586006	0.6896197561734756	0.007849945623826269	0.000027755082810712824	0.17372360009624782	0.00017022578531058973	0.000023325922927691246	0.00002461261246902713
2.	22.780541194944853	0.30000000000000004	0.12814931095911075	0.6868859032699954	0.007850201069169676	0.000027747039164440724	0.17688772042019987	0.0001750073171218538	0.000023288028558798133	0.00002410992523796396
2.	23.07023112626421	0.30000000000000004	0.12770038784269774	0.6841433433915456	0.007849668263463547	0.000027736552803032042	0.18007552262495655	0.00017984993482220645	0.000023248616600618276	0.000023491389711305377
2.	23.359921057583566	0.30000000000000004	0.12723899205525221	0.6813922728251873	0.007848378302515764	0.000027723718673556787	0.18328468047454502	0.000184752822803483	0.00002320773527991876	0.00002319980102266639
2.	23.64961098890292	0.30000000000000004	0.12676648892476364	0.6786323394029575	0.007846341105999178	0.000027708557724796084	0.186514167269285	0.00018971467785594684	0.00002316539983100499	0.000023240061413992708
2.	23.93930092022228	0.30000000000000004	0.12628411546796411	0.6758634189178437	0.007843559827283898	0.000027691067828299993	0.18976315512871553	0.00019473400631290886	0.00002312162403092597	0.00002332558405149232
2.	24.22899085154164	0.30000000000000004	0.12579292486632174	0.6730854178574259	0.007840047281215949	0.000027671281733577477	0.19303053614368945	0.00019980953895160417	0.000023076430658518287	0.0000235930306617671
2.	24.518680782860994	0.30000000000000004	0.12529394187550347	0.6702988533097016	0.007835823381810726	0.000027649257927359998	0.1963154005620104	0.0002049401875822676	0.000023029862876026896	0.00002339142546409212
2.	24.80837071418035	0.30000000000000004	0.1247879694049505	0.6675037110067339	0.007830901875510676	0.000027625033753658862	0.1996167483763261	0.00021012471427566112	0.0000229819451616483	0.0000229195884494382
2.	25.098060645499707	0.30000000000000004	0.12427552844486979	0.6646991779554461	0.007825298251724941	0.00002759865329736168	0.20293361144399288	0.00021536194029435	0.000022932684131356346	0.00002342331037460954
2.	25.387750576819066	0.30000000000000004	0.12375751846753474	0.6618866845518635	0.007819033711455025	0.000027570181330408817	0.2062649666889755	0.00022065083521110595	0.000022882144331160537	0.000023575563629696372
2.	25.67744050813842	0.30000000000000004	0.12323455017729644	0.6590665788118937	0.007812119879984463	0.000027539649361216774	0.20960997978401605	0.0002259901187748078	0.00002283035556737527	0.000023241578673366403
2.	25.967130439457776	0.30000000000000004	0.12270709159653849	0.6562388593137823	0.007804567985519373	0.00002750708798894401	0.21296764864142337	0.00023137850129048668	0.000022777338584999897	0.000022946873457080352
2.	26.256820370777135	0.30000000000000004	0.12217562035245393	0.6534038929053149	0.0077963936305298145	0.000027472543685834313	0.2163371074588825	0.00023681482461676895	0.00002272312651583237	0.00002269828451628708
2.	26.54651030209649	0.30000000000000004	0.12164058882634902	0.6505621868165089	0.007787614135646595	0.000027436069394347683	0.21971777999501824	0.00024229799668873	0.00002266775707973216	0.000022096160394252662
2.	26.836200233415845	0.30000000000000004	0.12110224909010223	0.6477135486584129	0.0077782489929202345	0.000027397726091306938	0.22310829230762783	0.0002478270238321766	0.000022611252918456554	0.000022436201013303902
2.	27.125890164735203	0.30000000000000004	0.12056107234614884	0.6448588831493354	0.007768308313972741	0.000027357542074566884	0.22650808909124798	0.00025340061240144074	0.000022553654021115005	0.000022888944818971746
2.	27.415580096054562	0.30000000000000004	0.12001744523618456	0.641998947358924	0.007757810133716727	0.00002731557389845517	0.22991651312831893	0.00025901774285835784	0.00002249500387022632	0.00002295082609901633
2.	27.705270027373917	0.30000000000000004	0.11947165207461449	0.6391341166637708	0.007746768378802404	0.000027271863970746505	0.23333278914043917	0.0002646772817512872	0.000022435332798155056	0.000022724596651035878
2.	27.994959958693272	0.30000000000000004	0.11892391930532105	0.6362645972669398	0.007735194952183382	0.00002722644788330037	0.23675620658308014	0.0002703780396994884	0.000022374664958534053	0.000022477404892806696
2.	28.28464989001263	0.30000000000000004	0.11837450212381136	0.6333908902828064	0.007723106816991567	0.00002717937932928458	0.24018602471621234	0.00027611901927591454	0.000022313035961524263	0.000022177661573086205
2.	28.57433982133199	0.30000000000000004	0.11782361061436071	0.6305134090381957	0.007710523635146695	0.000027130721762353314	0.24362123966608282	0.0002818993523610345	0.000022250481527112643	0.000022186972090609824
2.	28.864029752651344	0.30000000000000004	0.11727149379316909	0.6276327039995507	0.0076974531674198245	0.00002708049700959038	0.24706138146262763	0.00028771775066773126	0.000022187029618348325	0.000022169329555288275
2.	29.153719683970703	0.30000000000000004	0.1167183284536435	0.624749108660903	0.00768390747317585	0.00002702874227318571	0.250505743071937	0.0002935730967372858	0.000022122706686599395	0.00002231050133016943
2.	29.443409615290058	0.30000000000000004	0.11616433150482314	0.6218632458017961	0.007669902202703999	0.000026975507615516988	0.25395383687785084	0.0002994644284773245	0.00002205754925805643	0.000022243676733146867
2.	29.733099546609417	0.30000000000000004	0.11560967265160241	0.6189755515212335	0.00765545075849121	0.000026920835404707423	0.2574049892701851	0.0003053907226020915	0.000021991587115673685	0.00002202424048097784
2.	30.02278947792877	0.30000000000000004	0.11505448088997704	0.6160863319326464	0.007640567439865737	0.000026864771365104537	0.26085838108175813	0.00031135131568546027	0.000021924847521619053	0.000022022568702151357
2.	30.31247940924813	0.30000000000000004	0.11449892134030105	0.6131961211042871	0.007625267986239199	0.000026807366473647533	0.2643133929189846	0.0003173486050250337	0.0000218573643990082	0.000022140678689386295
2.	30.602169340567485	0.30000000000000004	0.11394317814957633	0.6103055267802303	0.007609562861770177	0.00002674865334076585	0.2677696390840896	0.0003233780684541909	0.00002178916851610141	0.00002196640253865345
2.	30.891859271886844	0.30000000000000004	0.11338734210940325	0.6074147458267828	0.007593461452392874	0.000026688660963822617	0.27122655443082444	0.00032943858462025714	0.000021720279513126832	0.000021768935012489443
2.	31.1815492032062	0.30000000000000004	0.11283153447240367	0.604524174729001	0.007576975645736517	0.000026627427300559998	0.2746834764506571	0.00033552915436958335	0.00002165072400687072	0.00002168212053149654
2.	31.471239134525554	0.30000000000000004	0.1122759083709249	0.601634413339143	0.007560119909339687	0.00002656499952948945	0.27813993314163615	0.0003416489165066434	0.000021580535786141534	0.00002141132292010628
2.	31.760929065844913	0.30000000000000004	0.11172053715769203	0.5987456977064756	0.007542907138933187	0.000026501419449572473	0.2815952160061308	0.00034779697207838674	0.000021509738189817348	0.000021343599240386535
2.	32.050618997164264	0.30000000000000004	0.11116551673495312	0.5958583587870314	0.007525347025883408	0.00002643671774067243	0.285048840909753	0.00035397229480127294	0.000021438353811281143	0.00002152752983713979
2.	32.34030892848362	0.30000000000000004	0.11061098915671841	0.592972980424439	0.00750745093837582	0.000026370931108406414	0.2885004685685482	0.00036017395412324106	0.000021366412843374245	0.000021566026686903328
2.	32.62999885980298	0.30000000000000004	0.11005705746476555	0.5900899825913298	0.007489230284183292	0.00002630409652351606	0.2919495983267349	0.00036640104733608674	0.000021293941393187444	0.000021426189126871886
2.	32.91968879112234	0.30000000000000004	0.10950379569712279	0.5872096484295167	0.007470694754716275	0.00002623624504861551	0.2953957102604604	0.00037265261131864697	0.000021220960532060503	0.000021262001816568787
2.	33.2093787224417	0.30000000000000004	0.10895128683619033	0.584332325728357	0.007451854872039144	0.000026167410779106106	0.29883834248632696	0.00037892774482499626	0.00002114749355452494	0.000021094921482389672
2.	33.49906865376106	0.30000000000000004	0.10839960688925195	0.5814583756216247	0.007432724466563444	0.00002609763953547374	0.30227695919468556	0.0003852257447328091	0.000021073566976006742	0.000021010443606028772
2.	33.78875858508041	0.30000000000000004	0.1078488413470907	0.5785881542589462	0.007413311284041306	0.00002602695587485683	0.3057111690855192	0.00039154561888164833	0.0000209992015538231	0.000020951449646089415
2.	34.07844851639977	0.30000000000000004	0.10729905619304347	0.5757219415336162	0.007393623502683568	0.000025955385974682572	0.30914054622168374	0.00039788641459174073	0.000020924416461098773	0.000020990748406557458
2.	34.36813844771912	0.30000000000000004	0.10675034107028673	0.5728601644393315	0.007373672000375818	0.000025882965585239797	0.3125647361278213	0.0004042473453060668	0.00002084923685409965	0.000020956051293263833
2.	34.65782837903848	0.30000000000000004	0.10620276438684828	0.5700031459183488	0.007353466334883421	0.000025809725911715588	0.31598336565707513	0.0004106275798980204	0.000020773684031477432	0.000020820397034659877
2.	34.947518310357836	0.30000000000000004	0.1056563855414764	0.5671511697308647	0.007333015593694933	0.00002573569659453786	0.3193959899038785	0.0004170262852789679	0.00002069777780287171	0.000020677248212030985
2.	35.237208241677195	0.30000000000000004	0.10511125015246368	0.5643044871004462	0.007312331427743128	0.00002566091635209075	0.3228020764589397	0.0004234428031883976	0.000020621539402803952	0.00002075114086674823
2.	35.52689817299655	0.30000000000000004	0.10456745443559864	0.5614635534328549	0.007291421508660543	0.000025585410014728227	0.32620146956908247	0.00042987627013218993	0.00002054499142902319	0.000020639373656428095
2.	35.81658810431591	0.30000000000000004	0.1040250383541171	0.5586285632239639	0.00727029319268695	0.00002550920138243042	0.3295937838049913	0.0004363258260585724	0.000020468149648873417	0.000020486396799690443
2.	36.10627803563526	0.30000000000000004	0.10348404646546938	0.5557997415101249	0.007248954229272663	0.000025432315707711408	0.33297861701509945	0.00044279065392703186	0.00002039103085625829	0.00002041781039885393
2.	36.39596796695462	0.30000000000000004	0.10294454872874642	0.5529774550746074	0.0072274142180506215	0.000025354784802924763	0.33635568544747146	0.00044927007309214045	0.000020313656966410977	0.00002027167322909973
2.	36.68565789827397	0.30000000000000004	0.1024065896762808	0.5501619450585001	0.007205681677576866	0.000025276636752109597	0.3397246281825869	0.00045576336518971796	0.00002023604571664717	0.00002011540311347426
2.	36.97534782959333	0.30000000000000004	0.10187019886719335	0.5473533845262284	0.00718376496729313	0.000025197899143359044	0.3430850247015401	0.0004622698285985782	0.00002015821292361346	0.000020159210003034556
2.	37.26503776091269	0.30000000000000004	0.10133544340090704	0.5445521113244004	0.00716167091080143	0.000025118594237512952	0.3464366899120498	0.00046878868440172945	0.00002008017704598775	0.000020177173202018395
2.	37.55472769223205	0.30000000000000004	0.10080237745635598	0.5417584191547029	0.007139407712625023	0.0000250387491967893	0.34977936361922246	0.00047531926773594554	0.000020001956631081527	0.00002007404016091119
2.	37.84441762355141	0.30000000000000004	0.10027103355528737	0.5389724885692123	0.007116982088290848	0.00002495838601603862	0.35311273389245984	0.0004818608402087862	0.00001992356598470878	0.000019942668524897122
2.	38.134107554870766	0.30000000000000004	0.099741446805617	0.5361945169058411	0.007094400967800634	0.000024877527495542044	0.3564364999690322	0.0004884126994840876	0.000019845019956139403	0.0000198451247294118
2.	38.42379748619012	0.30000000000000004	0.09921366605056714	0.5334247874225431	0.007071673283993098	0.000024796203509128936	0.35975038404256726	0.0004949743070644606	0.000019766337293160914	0.000019718689755865437
2.	38.71348741750948	0.30000000000000004	0.09868772179091777	0.5306634789715086	0.007048805841501207	0.000024714436515477828	0.36305408814300943	0.0005015450052484917	0.000019687532139055757	0.000019645811298985016
2.	39.00317734882883	0.30000000000000004	0.09816364701487973	0.5279107679400898	0.0070258037478968865	0.00002463224307001334	0.36634740463565296	0.0005081240359925833	0.000019608616976524018	0.00001962038241803965
2.	39.29286728014819	0.30000000000000004	0.09764148221472582	0.5251668857310302	0.0070026740018004335	0.000024549646403732913	0.36963010559483206	0.0005147107976772868	0.00001952960732106838	0.000019592013530467245
2.	39.582557211467545	0.30000000000000004	0.09712126760116394	0.5224320640146001	0.0069794236038528	0.00002446666979715237	0.37290198205690517	0.0005213047147529285	0.000019450518641417873	0.000019491338927923874
2.	39.872247142786904	0.30000000000000004	0.0966030292498887	0.5197064600189686	0.00695605855618682	0.00002438333307130133	0.37616278831151007	0.0005279051624962844	0.000019371363576098483	0.00001937536787816052
2.	40.16193707410626	0.30000000000000004	0.09608678986636661	0.5169902254646233	0.006932585824365235	0.00002429965946386669	0.3794122347130676	0.0005345125378195531	0.00001929215543823548	0.000019351934293754258
2.	40.451627005425614	0.30000000000000004	0.09557259278968	0.5142836061946012	0.006909011938267031	0.000024215670722757155	0.3826501775869245	0.0005411261377706256	0.000019212909461598477	0.000019269682033917768
2.	40.74131693674497	0.30000000000000004	0.09506046271871245	0.5115867462065006	0.00688534179709065	0.00002413138291680563	0.3858764289753822	0.0005477445950002334	0.00001913363679063939	0.000019144324397035728
2.	41.031006868064324	0.30000000000000004	0.0945504170889703	0.5088997579461872	0.006861580469510079	0.00002404681274456133	0.38909076459590747	0.0005543672948500267	0.00001905434787372863	0.00001906579183030832
2.	41.32069679938368	0.30000000000000004	0.09404248781357093	0.5062228327128879	0.006837734076411955	0.000023961980626085708	0.39229301709807973	0.0005609937287007903	0.000018975056049320493	0.000018972589722554556
2.	41.61038673070304	0.30000000000000004	0.09353670269147316	0.5035561405104056	0.006813808444901483	0.000023876905983968026	0.39548301763606736	0.0005676233889662894	0.00001889577380536341	0.000018830422202020802
2.	41.9000766620224	0.30000000000000004	0.09303307377843759	0.5008997792558387	0.0067898095460222005	0.000023791608776059938	0.3986604980181783	0.000574255805710386	0.00001881651188796787	0.000018791987036692603
2.	42.18976659334176	0.30000000000000004	0.09253162742964531	0.4982539005517952	0.0067657418027438744	0.00002370610356555305	0.40182534832350003	0.0005808904002390361	0.000018737280953002928	0.000018785388511022294
2.	42.47945652466112	0.30000000000000004	0.09203239432136406	0.4956186871115513	0.006741610731871714	0.0000236204087774942	0.4049774585740611	0.000587526708228248	0.000018658093390283306	0.000018702144145954502
2.	42.76914645598047	0.30000000000000004	0.09153538986919031	0.49299424225133337	0.006717420973820983	0.000023534539793991158	0.4081166578526436	0.0005941642126279069	0.00001857895874225683	0.00001859030058981581
2.	43.05883638729983	0.30000000000000004	0.09104062777075442	0.49038066049826334	0.006693177036245763	0.000023448511559022044	0.41124277707300744	0.0006008024050381907	0.000018499886162553013	0.000018506705131871026
2.	43.34852631861918	0.30000000000000004	0.09054813278079171	0.4877780969948196	0.0066688843040589255	0.000023362342115758758	0.4143556965428665	0.0006074408773261918	0.0000184208870926805	0.000018386158021244103
2.	43.63821624993854	0.30000000000000004	0.09005791770113618	0.485186652205366	0.006644548302277981	0.000023276050022583517	0.41745521511513095	0.0006140792603819786	0.000018341971669746436	0.000018311365684364755
2.	43.927906181257896	0.30000000000000004	0.08956999796911416	0.4826064181187835	0.006620172225349625	0.000023189645697560023	0.42054125155198113	0.000620716991688684	0.000018263147668484873	0.000018253497385323225
2.	44.217596112577255	0.30000000000000004	0.08908438862358857	0.48003749574938626	0.006595760419629688	0.000023103143617454547	0.4236136790699688	0.0006273536337095168	0.00001818442409325299	0.00001821936009971381
2.	44.50728604389661	0.30000000000000004	0.08860111071811136	0.47748001877189616	0.006571317669297541	0.000023016559814815768	0.42667241153596847	0.0006339888123866317	0.000018105811136847658	0.000018135932525031873
2.	44.796975975215965	0.30000000000000004	0.08812017493033668	0.4749340651582267	0.006546847981722116	0.000022929907622626928	0.4297173241874395	0.0006406221017199319	0.000018027316833532045	0.000018035732932408788
2.	45.08666590653532	0.30000000000000004	0.08764251284261625	0.4724046793855507	0.006522424168959687	0.000022843441368852485	0.4327423097360884	0.0006472599240261765	0.000017949138092223336	0.000017970501389907856
2.	45.37635583785468	0.30000000000000004	0.08716932747102021	0.4698983724981336	0.00649813988066453	0.000022757488339729693	0.43573958558370224	0.0006539112030063159	0.000017871528414134767	0.0000179058751332839
2.	45.66604576917404	0.30000000000000004	0.08669844225837443	0.46740342560979525	0.006473835586631504	0.000022671489152560325	0.43872326329987726	0.0006605595572565649	0.000017794047081998808	0.00001780219891239776
2.	45.95573570049339	0.30000000000000004	0.0862298615081845	0.46491988094476266	0.006449514544356848	0.000022585454596742507	0.44169323669614147	0.0006672045518649263	0.000017716700362459597	0.00001771630009289593
2.	46.24542563181275	0.30000000000000004	0.08576359394640586	0.46244780464145047	0.006425180328408875	0.000022499396590078875	0.444649428716752	0.0006738458024175255	0.000017639495383700676	0.00001764716797514332
2.	46.53511556313211	0.30000000000000004	0.0852996523256957	0.45998728460534244	0.00640083680301459	0.000022413328081907802	0.4475917906979694	0.0006804829746794247	0.00001756244005866245	0.00001753926521658178
2.	46.82480549445147	0.30000000000000004	0.08483803985864474	0.4575383610723105	0.006376487523820562	0.000022327260957550573	0.4505202103314008	0.0006871157228020905	0.000017485540767192465	0.00001745823006360503
2.	47.11449542577082	0.30000000000000004	0.0843787610695386	0.4551010772870339	0.006352135675452932	0.00002224120581927432	0.4534346104399394	0.0006937436801599824	0.000017408803596815562	0.000017430642055893397
2.	47.40418535709018	0.30000000000000004	0.08392182815369785	0.45267551261408634	0.006327784415628469	0.000022155173190753636	0.45633499225016577	0.0007003664950190643	0.00001733223550587478	0.00001736089821169351
2.	47.69387528840954	0.30000000000000004	0.08346724490242227	0.45026170525910664	0.0063034367234633334	0.000022069172985428155	0.45922129569621944	0.000706983814206183	0.00001725584220412337	0.00001726443159666413
2.	47.983565219728895	0.30000000000000004	0.08301501255252866	0.4478596796240834	0.006279095370281619	0.000021983214403863573	0.4620934525963228	0.0007135952785213973	0.000017179628827067094	0.000017181363858309595
2.	48.27325515104825	0.30000000000000004	0.08256513668313314	0.44546948349794946	0.0062547634403119475	0.000021897307756253764	0.46495142462163874	0.0007202005814318411	0.000017103601362149834	0.000017093867778594785
2.	48.562945082367605	0.30000000000000004	0.08211762231427037	0.44309116604722215	0.006230444464281614	0.00002181146492942148	0.46779514962330476	0.0007267994875299263	0.000017027766387891146	0.00001700659846182173
2.	48.852635013686964	0.30000000000000004	0.08167246974837226	0.4407247432644176	0.006206140733849154	0.000021725693485463766	0.4706245905763433	0.0007333916363816331	0.00001695212791883208	0.000016938347150552424
2.	49.14232494500632	0.30000000000000004	0.08122967989396723	0.4383702343022961	0.006181854563876023	0.00002164000108064422	0.47343972018756	0.0007399766849390901	0.000016876690618749287	0.000016894366280939543
2.	49.432014876325674	0.30000000000000004	0.08078925876171723	0.43602768787640983	0.006157588879464684	0.000021554397519827853	0.4762405339883829	0.0007465543792281091	0.000016801460238442288	0.000016821717277404336
2.	49.72170480764503	0.30000000000000004	0.08035120659773377	0.4336971215217537	0.006133346152604336	0.00002146889103360467	0.47902699982943003	0.0007531244286223621	0.000016726441288479403	0.00001673257882217616
2.	50.01139473896439	0.30000000000000004	0.0799155220645851	0.43137854414072657	0.006109128718329159	0.000021383489384749188	0.48179908112923575	0.0007596865766064577	0.000016651637904846415	0.000016653881132255854
2.	50.30108467028374	0.30000000000000004	0.07948220683734837	0.4290719855919992	0.006084939673726495	0.000021298203014553832	0.4845567329183052	0.0007662414635564027	0.00001657705542349979	0.00001659531204972753
2.	50.5907746016031	0.30000000000000004	0.07905126270114811	0.42677746631961777	0.0060607809757167895	0.000021213038384196027	0.48729998058625573	0.0007727879414559784	0.000016502697883923894	0.000016508437421403066
2.	50.88046453292246	0.30000000000000004	0.07862268610971761	0.4244949814479302	0.006036654562665726	0.000021128001900529	0.49002879934793475	0.0007793257131943022	0.00001642856862767542	0.000016424816656979147
2.	51.17015446424182	0.30000000000000004	0.07819647450305056	0.42222453192006204	0.006012562500016957	0.00002104310042542166	0.49274317089117997	0.0007858545121753536	0.00001635467123461629	0.00001636257308967881
2.	51.45984439556117	0.30000000000000004	0.07777262999313228	0.4199661438042159	0.005988507196792506	0.00002095834203304924	0.49544311098710064	0.0007923741321558589	0.000016281010219447452	0.000016275544569788192
2.	51.74953432688053	0.30000000000000004	0.07735114932087075	0.41771981453368123	0.005964490688100009	0.000020873733498414315	0.4981286031166407	0.0007988843341626362	0.000016207588993418985	0.00001618427304628245
2.	52.03922425819989	0.30000000000000004	0.07693202786509516	0.4154855370761113	0.00594051523480963	0.00002078928239581855	0.5007996046929016	0.0008053849250761351	0.000016134411016294792	0.000016140923610352687
2.	52.328914189519246	0.30000000000000004	0.07651526596353486	0.4132633226906569	0.005916582497161132	0.000020704994206503057	0.5034561677073579	0.0008118756458570274	0.00001606147971203941	0.000016080501225701482
2.	52.6186041208386	0.30000000000000004	0.0761008609198573	0.411053170224302	0.005892694356565655	0.00002062087519443269	0.5060983011249964	0.0008183562814347596	0.000015988798289719078	0.000015996217649472122
2.	52.908294052157956	0.30000000000000004	0.07568880715101947	0.40885506282193745	0.005868852455395011	0.000020536930795489785	0.5087259987382035	0.0008248265978722216	0.000015916369339114398	0.000015915304776958905
2.	53.197983983477314	0.30000000000000004	0.07527910037496863	0.4066689905405199	0.005845058520559666	0.00002045316674957275	0.5113392665425253	0.0008312863865731887	0.000015844195682208643	0.000015844468103765053
2.	53.48767391479667	0.30000000000000004	0.0748717390639315	0.40449495940985664	0.005821314618119852	0.00002036958999121143	0.5139381241537665	0.0008377355018409042	0.000015772280839182026	0.000015757662493509628
2.	53.777363846116025	0.30000000000000004	0.07446671697289887	0.40233294984362655	0.005797622431133559	0.000020286206122318753	0.516522562609064	0.0008441737587405504	0.00001570062729637863	0.000015688178414130505
2.	54.06705377743538	0.30000000000000004	0.07406402794970449	0.40018293808963223	0.005773983103153802	0.00002020301886450515	0.5190926106887922	0.0008506009068629856	0.000015629236924046173	0.000015636242989836013
2.	54.35674370875474	0.30000000000000004	0.07366366904210925	0.39804492023333465	0.005750398321395711	0.000020120033848943427	0.5216483034687094	0.0008570167875103344	0.000015558112576911053	0.000015572113091555373
2.	54.6464336400741	0.30000000000000004	0.07326563507254497	0.39591888022423244	0.005726869584827286	0.00002003725605510197	0.5241896641362181	0.0008634212280852653	0.00001548725660294621	0.00001549249803678432
2.	54.93612357139345	0.30000000000000004	0.0728699189969991	0.3938047918098367	0.0057033982310995485	0.00001995468990481835	0.5267167057304333	0.000869814044734453	0.000015416670917641172	0.000015416496992215478
2.	55.22581350271281	0.30000000000000004	0.07247651501087653	0.39170263701987806	0.005679985879163876	0.000019872340810713505	0.5292294396173225	0.0008761951094028603	0.000015346357884735127	0.000015355022545571195
2.	55.51550343403217	0.30000000000000004	0.07208541883943126	0.38961240386796164	0.005656633998618316	0.000019790213669197954	0.5317279082497542	0.0008825642851759498	0.000015276319869882918	0.000015280545389351197
2.	55.80519336535153	0.30000000000000004	0.07169662243938316	0.3875340581853334	0.0056333435481823076	0.000019708311595528935	0.5342121433315483	0.0008889213681053445	0.000015206558179794664	0.000015202815852100038
2.	56.09488329667088	0.30000000000000004	0.07131011761614867	0.38546756645072017	0.005610115644561211	0.000019626638263785074	0.5366821655016034	0.0008952661896055855	0.00001513707425993683	0.000015141959097131341
2.	56.38457322799024	0.30000000000000004	0.07092589948126041	0.38341291290156876	0.005586951649506645	0.000019545198211186806	0.5391380228541612	0.0009015986319875832	0.000015067870221521021	0.000015069283304192105
2.	56.6742631593096	0.30000000000000004	0.07054396075744493	0.38137006875093954	0.005563852722316994	0.00001946399527234169	0.5415797484194288	0.00090791855776478	0.000014998947633889325	0.000014986796832650029
2.	56.963953090628955	0.30000000000000004	0.07016429282688266	0.37933899986343156	0.005540820140027523	0.00001938303369923836	0.5440073504002739	0.0009142258608047571	0.00001493030801291014	0.000014927874880332759
2.	57.25364302194831	0.30000000000000004	0.06978688870396395	0.3773196771544614	0.0055178548602630205	0.00001930231663182686	0.5464208822393085	0.0009205203945477747	0.00001486195270124062	0.000014874330823366755
2.	57.543332953267665	0.30000000000000004	0.06941174192196269	0.37531207462611604	0.00549495791300632	0.000019221847468405372	0.5488204011670926	0.0009268020353364638	0.000014793883169717706	0.00001480048901747466
2.	57.833022884587024	0.30000000000000004	0.06903884316089508	0.37331615150639647	0.005472130178236991	0.000019141629087611605	0.5512059380286036	0.0009330706452680694	0.00001472610034862558	0.000014724851512215587
2.	58.12271281590638	0.30000000000000004	0.0686681833278542	0.3713318681431677	0.005449372539191437	0.00001906166438441571	0.5535775272879816	0.000939326097320101	0.000014658605182565232	0.000014660940100608144
2.	58.412402747225734	0.30000000000000004	0.06829975595011759	0.3693591989460564	0.005426686072655003	0.000018981956935590793	0.555935226544901	0.0009455683086323405	0.000014591399142252104	0.000014582220701941928
2.	58.70209267854509	0.30000000000000004	0.06793355197886591	0.36739810647412585	0.005404071898112459	0.000018902510471861395	0.5582790552619892	0.0009517972158421153	0.0000145244834080566	0.000014514660592435114
2.	58.99178260986445	0.30000000000000004	0.06756956160973036	0.36544854444240604	0.00538153050537748	0.00001882332652595897	0.5606090695568133	0.0009580126559394145	0.000014457858345127409	0.000014457903207421019
2.	59.2814725411838	0.30000000000000004	0.06720777661376841	0.363510476877695	0.005359062721256402	0.000018744407813786862	0.5629253237501692	0.00096421453430642	0.000014391524876022536	0.00001440109499073472
2.	59.57116247250316	0.30000000000000004	0.06684818892320508	0.36158386872570214	0.005336669389466558	0.000018665757114653203	0.5652278742059351	0.0009704027697939843	0.000014325483946527237	0.000014330228782499788
2.	59.86085240382252	0.30000000000000004	0.0664907885008816	0.35966867418061654	0.005314351183050457	0.00001858737661504334	0.5675167624573132	0.0009765772605043442	0.000014259736049701776	0.000014259041018704899
2.	60.15054233514188	0.30000000000000004	0.06613556566658614	0.35776484957257737	0.0052921088263933385	0.000018509268685060388	0.5697920315486705	0.0009827381969132387	0.000014194281764914892	0.00001419692017423646
2.	60.44023226646123	0.30000000000000004	0.06578251263998729	0.3558723624472357	0.005269943307328733	0.000018431436620123144	0.5720537324700047	0.000988885538190372	0.000014129122188317774	0.000014132160633173463
2.	60.72992219778059	0.30000000000000004	0.06543161912852351	0.353991163232186	0.005247854986637413	0.000018353881526331977	0.5743019284097453	0.000995018899869842	0.00001406425738616708	0.000014061461511616358
2.	61.01961212909995	0.30000000000000004	0.06508287440125042	0.3521212016126985	0.005225844383580524	0.000018276605067822563	0.5765366638142685	0.0010011381861296863	0.000013999687531895729	0.000014000997004548488
2.	61.309302060419306	0.30000000000000004	0.06473626948777002	0.35026243670657525	0.005203912145602565	0.000018199609360654326	0.5787579998215349	0.001007243334367186	0.00001393541314822636	0.000013938894789400358
2.	61.59899199173866	0.30000000000000004	0.06439179509867021	0.3484148258145072	0.005182058881827587	0.000018122896390366905	0.580965996170096	0.001013334283974794	0.000013871434660884647	0.000013866854533861606
2.	61.888681923058016	0.30000000000000004	0.06404944058292475	0.3465783194090755	0.005160285155359554	0.000018046467984963322	0.583160695265954	0.0010194109744877781	0.000013807752259088777	0.000013802144213426182
2.	62.178371854377374	0.30000000000000004	0.06370919575524946	0.3447528701275265	0.005138591522036285	0.000017970325950352737	0.585342147031839	0.0010254733529480272	0.000013744366168318085	0.000013751884450519114
2.	62.46806178569673	0.30000000000000004	0.06337105164939912	0.34293843530708223	0.005116978404187865	0.000017894471628781346	0.5875104317722537	0.0010315213485114503	0.000013681276604896121	0.000013687046936827763
2.	62.757751717016085	0.30000000000000004	0.06303499735959789	0.3411349628324135	0.005095446191919577	0.000017818906252964983	0.589665601916019	0.001037554891677569	0.000013618483491942814	0.000013617902119511527
2.	63.04744164833544	0.30000000000000004	0.0627010217766733	0.3393423994025394	0.005073995246383259	0.00001774363095744796	0.5918077086358525	0.0010435739147174807	0.000013555986681275927	0.000013557392876673013
2.	63.3371315796548	0.30000000000000004	0.06236911545265588	0.33756070062283033	0.005052626050798815	0.00001766864730663456	0.5939368194692995	0.0010495783827940298	0.000013493786356948115	0.000013491374314611448
2.	63.62682151097416	0.30000000000000004	0.062039268205894324	0.33578981890228665	0.005031339121583668	0.00001759395698390549	0.5960529869642839	0.0010555682765788705	0.00001343188263478289	0.000013424572388842648
2.	63.91651144229351	0.30000000000000004	0.06171146878499251	0.33402969955355133	0.005010134727267448	0.000017519560808623352	0.5981562666909025	0.0010615435331998416	0.000013370275206684426	0.000013367149277798696
2.	64.20620137361287	0.30000000000000004	0.06138570645009713	0.33228029001307174	0.004989013096729796	0.0000174454594642762	0.6002467257252002	0.001067504088246991	0.000013308963772472157	0.0000133151671899423
2.	64.49589130493223	0.30000000000000004	0.06106197156816177	0.3305415442914364	0.004967974617670257	0.000017371654192405522	0.6023244357292641	0.0010734499182078483	0.000013247948336478345	0.000013252221067294734
2.	64.78558123625159	0.30000000000000004	0.06074025294523184	0.32881340787372254	0.004947019539453782	0.00001729814575343979	0.6043894536985319	0.0010793809773723463	0.000013187228539823726	0.000013186819934118965
2.	65.07527116757095	0.30000000000000004	0.06042053935285622	0.3270958259817256	0.004926148096944252	0.000017224934859656047	0.6064418365632972	0.0010852972236926068	0.000013126803991125548	0.000013127846624438888
2.	65.36496109889029	0.30000000000000004	0.06010282108762189	0.32538875302478887	0.004905360761508139	0.00001715202305276974	0.6084816457576814	0.0010911986744245167	0.000013066674743408338	0.00001306867092243369
2.	65.65465103020966	0.30000000000000004	0.059787087143535214	0.3236921343724015	0.0048846576523069755	0.0000170794106453727	0.6105089511006938	0.0010970852766764721	0.000013006840281376722	0.000013005043740577094
2.	65.94434096152901	0.30000000000000004	0.05947332592187873	0.3220059124887817	0.004864038874759898	0.000017007097904381313	0.6125238126042972	0.0011029569802674065	0.000012947299988098925	0.000012946032110661143
2.	66.23403089284837	0.30000000000000004	0.05916152654579656	0.32033003397245186	0.0048435046185598815	0.000016935085393684514	0.6145262945224921	0.0011088137600346974	0.00001288805342062277	0.000012891495271283304
2.	66.52372082416773	0.30000000000000004	0.058851678896463096	0.3186644494572578	0.004823055124672687	0.00001686337385867794	0.6165164692503583	0.0011146556091636364	0.0000128291002781839	0.000012828288225796847
2.	66.81341075548708	0.30000000000000004	0.05854377158627943	0.31700910263869764	0.004802690519436609	0.000016791963646144993	0.6184943962022185	0.0011204825010711129	0.000012770439960867605	0.000012764588650626685
2.	67.10310068680644	0.30000000000000004	0.05823779348145655	0.3153639396159806	0.004782411074791535	0.00001672085561406841	0.6204601246117152	0.0011262944493594341	0.000012712072052079716	0.000012715911082650244
2.	67.39279061812579	0.30000000000000004	0.05793373426447264	0.313728908449478	0.0047622168237043015	0.000016650049786962017	0.622413740154179	0.0011320914183413618	0.000012653995962627753	0.000012658840037649277
2.	67.68248054944516	0.30000000000000004	0.05763158272050744	0.31210395335047064	0.004742107847624558	0.000016579546360880795	0.6243553067446442	0.0011378733890890147	0.000012596211033107262	0.000012596401303244242
2.	67.9721704807645	0.30000000000000004	0.05733132726550483	0.3104890164838297	0.004722084189304868	0.00001650934539855905	0.6262848839656117	0.0011436403389613265	0.000012538716503942865	0.00001253841138915135
2.	68.26186041208386	0.30000000000000004	0.05703295706818727	0.30888404402860586	0.004702145943202609	0.000016439447145425785	0.6282025393997984	0.0011493922632832309	0.000012481511758658597	0.000012481849777090659
2.	68.55155034340322	0.30000000000000004	0.05673646167702539	0.3072889843545764	0.004682293249364602	0.000016369852008163886	0.6301083424006553	0.0011551291744106784	0.000012424596269936268	0.000012419291959608891
2.	68.84124027472258	0.30000000000000004	0.056441829696048315	0.30570378101550877	0.004662526204803687	0.00001630056024481797	0.6320023472710026	0.0011608510801776853	0.00001236796933270097	0.000012364172214174296
2.	69.13093020604194	0.30000000000000004	0.056149049630837077	0.3041283754418426	0.004642844698225626	0.000016231571386954435	0.6338846255420837	0.0011665579421191287	0.000012311629988318204	0.00001231517350486211
2.	69.42062013736128	0.30000000000000004	0.05585811115116714	0.30256271610848406	0.0046232488037074825	0.000016162885615955993	0.6357552519820938	0.001172249772659216	0.000012255577623012549	0.000012259296272354447
2.	69.71031006868066	0.30000000000000004	0.05556900302231441	0.3010067465348527	0.00460373851104988	0.000016094502820262358	0.637614290956397	0.001177926568336755	0.000012199811404929789	0.000012199904229071024
2.	70.	0.30000000000000004	0.055281713805716066	0.2994604090800136	0.004584313783571792	0.00001602642279738919	0.6394618040693898	0.0011835883237645624	0.000012144330437627072	0.000012144514746847968