2.	1.	0.4	0.	0.	0.	0.000562360222306784	0.2575251341320167	0.000012987258314648813	0.00020372456587046408	0.7418995183873618
2.	1.06735	0.4	0.	0.	0.	0.0006076036171399173	0.2775851806336656	0.000016144169856357397	0.00019528595847252776	0.7217910715793381
2.	1.1347	0.4	0.	0.	0.	0.0006483134371798072	0.2982613567666935	0.000019683040854691982	0.0001878730380059944	0.701070646755272
2.	1.20205	0.4	0.	0.	0.	0.000684050448449564	0.3191668246391818	0.000023588796915579393	0.00018844298635218307	0.6801255361154531
2.	1.2694	0.4	0.	0.	0.	0.0007145130110501653	0.33997643103938235	0.000027839675478830275	0.000198308177885722	0.6592812162740886
2.	1.33675	0.4	0.	0.	0.	0.0007395290258875759	0.3604135536643183	0.00003240838501374708	0.00021401164110690973	0.6388145089247803
2.	1.4041000000000001	0.4	0.	0.	0.	0.0007590383980365483	0.38024037102377317	0.00003726310465082307	0.0002329196675801041	0.6189633274735395
2.	1.47145	0.4	0.	0.	0.	0.000773074769031478	0.39925279790136	0.00004236844129692735	0.00025304759513093504	0.5999317588883116
2.	1.5388000000000002	0.4	0.	0.	0.	0.0007817479487648816	0.41727432607304615	0.00004768631448893402	0.0002729189822461131	0.5818962396637
2.	1.60615	0.4	0.	0.	0.	0.000785224190128115	0.434151607577714	0.00005317653076840973	0.00029145411319176105	0.5650099917013895
2.	1.6735000000000002	0.4	0.	0.	0.	0.0007837080299921017	0.44974906888323274	0.00005879711148069391	0.00030788114345544184	0.5494084259752945
2.	1.74085	0.4	0.	0.	0.	0.0007774265406179724	0.4639423872914184	0.00006450438778438505	0.0003216654015874818	0.5352156817801792
2.	1.8082	0.4	0.	0.	0.	0.0007666121260671457	0.47661356806240446	0.00007025250012168764	0.00033245139650808206	0.5225495673114067
2.	1.87555	0.4	0.	0.	0.	0.0007514911383654997	0.48764234684578583	0.00007599277772698852	0.00034001704385359016	0.5115301692381218
2.	1.9429	0.4	0.	0.	0.	0.0007322710521211984	0.4968986011153133	0.00008167238814836543	0.0003442356241874091	0.5022874554444171
2.	2.01025	0.4	0.	0.	0.	0.0007091302176755577	0.504232244834248	0.0000872324496310971	0.00034504502267838514	0.49497139249844535
2.	2.0776000000000003	0.4	0.	0.	0.	0.0006822078135553214	0.5094612314365556	0.00009260523159776717	0.0003424220481529228	0.4897639555182912
2.	2.14495	0.4	0.	0.	0.	0.000651594160007949	0.5123561374434302	0.00009771016812387705	0.0003363608085997042	0.48689455822843797
2.	2.2123	0.4	0.	0.	0.	0.0006173209514011049	0.512619689484211	0.00010244819609181731	0.00032685401182987943	0.48666054136829606
2.	2.27965	0.4	0.	0.	0.	0.0005793505630572468	0.5098592739595905	0.00010669360095314574	0.0003138762205371623	0.48945468187639907
2.	2.3470000000000004	0.4	0.	0.	0.	0.0005375647456167114	0.5035490557155482	0.00011028228655936166	0.00029736855071271485	0.49580309725227567
2.	2.347	0.4	0.	0.	0.	0.0005375647456179745	0.503549055716731	0.0001102822865605096	0.0002973685507134136	0.4958030972510905
2.	2.3715401216290193	0.4	0.	0.	0.	0.0005213529318443787	0.5002352572799204	0.0001113858540923084	0.00029045724067005175	0.4991320039341429
2.	2.3960802432580386	0.4	0.	0.	0.	0.0005045942808467894	0.496316213435144	0.00011236094547971324	0.00028305682612610444	0.5030668313385295
2.	2.4206203648870583	0.4	0.	0.	0.	0.0004872736589504363	0.4917449396487831	0.00011319309386856946	0.00027515928775995305	0.5076545935983978
2.	2.4451604865160776	0.4	0.	0.	0.	0.00046937419104870496	0.48646888397893845	0.00011386607283451256	0.00026675552392366013	0.5129478757571784
2.	2.469700608145097	0.4	0.	0.	0.	0.0004508773482361474	0.4804293376515715	0.0001143616768119956	0.00025783538231335517	0.5190054233233804
2.	2.4942407297741163	0.4	0.	0.	0.	0.0004317631930051555	0.473560775838649	0.00011465950940001187	0.00024838774735596637	0.5258928014589459
2.	2.518780851403136	0.4	0.	0.	0.	0.00041201066571024293	0.4657903534257352	0.00011473676664902906	0.0002384007103747279	0.5336828991419056
2.	2.5433209730321553	0.4	0.	0.	0.	0.0003915981136705474	0.45703749464408894	0.00011456807735173354	0.00022786186644390335	0.5424563391648888
2.	2.5678610946611746	0.4	0.	0.	0.	0.000370504108540834	0.44721375954183773	0.00011412545528083438	0.00021675877324940776	0.5523016108943406
2.	2.592401216290194	0.4	0.	0.	0.	0.00034870859542987206	0.43622335082945113	0.00011337846316214014	0.0002050796577717376	0.5633145621119569
2.	2.6169413379192137	0.4	0.	0.	0.	0.00032619458052123127	0.42396467349366407	0.00011229480549461656	0.00019281443653797255	0.5755968371203201
2.	2.641481459548233	0.4	0.	0.	0.	0.00030295056615913316	0.4103337698747626	0.00011084175509701557	0.00017995620333198606	0.5892524378039812
2.	2.6660215811772523	0.4	0.	0.	0.	0.00027897382023833305	0.39523151859788974	0.00010898915133636462	0.00016650327765592015	0.6043805184305355
2.	2.6905617028062716	0.4	0.	0.	0.	0.0002542748470347944	0.3785776812127813	0.00010671565416487624	0.0001524619973765674	0.6210613282860191
2.	2.7151018244352914	0.4	0.	0.	0.	0.00022888300777702938	0.36033921967982385	0.00010402200624787296	0.00013785027012263646	0.6393278753061513
2.	2.7396419460643107	0.4	0.	0.	0.	0.00020285237523733014	0.34059148894149166	0.00010096102640828085	0.0001227013559478588	0.6591046976568627
2.	2.76418206769333	0.4	0.	0.	0.	0.0001762639629395907	0.3196659117948781	0.00009771447472938142	0.00010706549806038903	0.680060109767453
2.	2.7887221893223493	0.4	0.	0.	0.	0.0001492043517349047	0.2985927447342236	0.00009483581769914735	0.00009099717581488673	0.7011632150963424
2.	2.8132623109513686	0.4	0.	0.	0.	0.00012159366815067248	0.2810565281141106	0.0000943983123218086	0.00007444979421009955	0.7187274799054169
2.	2.8378024325803883	0.4	0.	0.	0.	0.00008753883778957772	0.3211292241365731	0.00012054015910255454	0.000053803073634559875	0.6786626968665348
2.	2.8623425542094076	0.4	0.	0.	0.	0.00007423507429103678	0.20098250533553805	0.00007627996529365685	0.0000452453724851494	0.7988669796248773
2.	2.886882675838427	0.4	0.	0.	0.	0.00005363273334242832	0.1313262942566926	0.000047969711428604105	0.00003280859498533816	0.8685721032985364
2.	2.9114227974674467	0.4	0.	0.	0.	0.000033458350304363876	0.07697136673873838	0.000027566262842904807	0.000020540317220799907	0.9229676086481143
2.	2.9359629190964656	0.4	0.	0.	0.	0.000016616095243105006	0.03647137507786009	0.000012900518248229536	0.000010236003138652161	0.9634991083086486
2.	2.9605030407254853	0.4	0.	0.	0.	5.433796517450836e-6	0.011476059205776752	4.025064380602367e-6	3.358606431048953e-6	0.9885144819333251
2.	2.9850431623545046	0.4	0.	0.	0.	1.6512096015760431e-6	0.003373549226351266	1.176184044046319e-6	1.0239276503932022e-6	0.9966236233800031
2.	3.009583283983524	0.4	0.	0.	0.	7.132192661480621e-6	0.014148853707807078	4.912104638080943e-6	4.436698596754298e-6	0.9858391019948933
2.	3.0341234056125437	0.4	0.	0.	0.	0.000021021346236247576	0.04060380434752286	0.000014054773423036568	0.000013116774770089894	0.9593611195328179
2.	3.058663527241563	0.4	0.	0.	0.	0.00004249277109572953	0.0800850862433809	0.000027665759310139	0.000026593315761646367	0.9198447552262132
2.	3.0832036488705823	0.4	0.	0.	0.	0.00006981291940844281	0.12859961157048153	0.000044371249537191806	0.00004381740469257768	0.8712862042605729
2.	3.1077437704996016	0.4	0.	0.	0.	0.00010086161872681399	0.1818452133895012	0.00006270637352539905	0.00006348249076543079	0.8179912186182465
2.	3.132283892128621	0.4	0.	0.	0.	0.0001335455494532528	0.2359309416976419	0.00008135334300794838	0.00008428291802446736	0.7638541594098969
2.	3.1568240137576407	0.4	0.	0.	0.	0.0001660664661943409	0.28777335635791657	0.00009927095148730605	0.00010508489564192353	0.7119613062244018
2.	3.18136413538666	0.4	0.	0.	0.	0.00019703775146131188	0.3352027059495937	0.00011572743160868222	0.00012500379461883497	0.6644845288673362
2.	3.2059042570156793	0.4	0.	0.	0.	0.00022548277409511293	0.3768701175130659	0.00013026736685153048	0.0001434071381054701	0.6227741323459874
2.	3.230444378644699	0.4	0.	0.	0.	0.00025076565445334966	0.41206035432826454	0.0001426476019003956	0.00015987419114226346	0.5875462324153817
2.	3.2549845002737183	0.4	0.	0.	0.	0.00027249740690011404	0.44048771273702936	0.00015276798061936164	0.00017413891172944992	0.5590870218754511
2.	3.2795246219027376	0.4	0.	0.	0.	0.00029044383167868153	0.46211658123644744	0.0001606106311837857	0.00018603297506635872	0.5374323643006901
2.	3.304064743531757	0.4	0.	0.	0.	0.00030444666110346553	0.47702049095599974	0.00016619221944213513	0.00019543637181554225	0.5225088701634546
2.	3.3286048651607762	0.4	0.	0.	0.	0.00031435998291454175	0.48527761783165074	0.00016952836977586014	0.00020223708023231447	0.5142384938156588
2.	3.353144986789796	0.4	0.	0.	0.	0.0003199992087103639	0.48689430487951585	0.00017060728630375672	0.00020629826446112576	0.5126150886254701
2.	3.3776851084188153	0.4	0.	0.	0.	0.00032109837101807224	0.4817472074286585	0.00016936929445552265	0.0002074304483419976	0.5177623249058678
2.	3.4022252300478346	0.4	0.	0.	0.	0.00031727218249795274	0.46953672098199145	0.00016568975522264937	0.00020536645418502383	0.5299803170802879
2.	3.4267653516768544	0.4	0.	0.	0.	0.0003079818709348551	0.4497491499902639	0.00015936439387733792	0.00019973854531354167	0.5497835037449239
2.	3.4513054733058732	0.4	0.	0.	0.	0.0002925101131266479	0.42163445408971917	0.0001500994028768386	0.0001900612913875571	0.5779229363942773
2.	3.475845594934893	0.4	0.	0.	0.	0.000269965142184434	0.38422664406108187	0.00013751611039076181	0.00017573330484814824	0.615365874686343
2.	3.5003857165639123	0.4	0.	0.	0.	0.00023936776933557513	0.3364787449876981	0.00012119720395253616	0.00015609315296094445	0.6631606900390138
2.	3.5249258381929316	0.4	0.	0.	0.	0.00019994679112087898	0.27767701694494257	0.00010084245637120623	0.00013061205567234624	0.7220221938075653
2.	3.5494659598219513	0.4	0.	0.	0.	0.00015189430119984926	0.2084568809538351	0.00007678147515458397	0.00009938948141075603	0.7913144432698105
2.	3.57400608145097	0.4	0.	0.	0.0029603362725456675	0.00009765265173545852	0.13247034745872313	0.00005012966926355053	0.00006400194535551425	0.8644215339477322
2.	3.59854620307999	0.4	0.	0.	0.002055478983032751	0.000045673828930782117	0.06125872139985395	0.000023380234440601867	0.000029982469313315314	0.936616745553742
2.	3.6230863247090093	0.4	0.	0.	0.0005142849631852146	9.223279630377379e-6	0.012233578624912707	4.698879573338858e-6	6.063975095287441e-6	0.9872382142526984
2.	3.6476264463380286	0.4	0.	0.	0.00023833562080352217	3.6903500120235426e-6	0.004841737268001966	1.8696325346524302e-6	2.4299279713039287e-6	0.9949143671286478
2.	3.6721665679670483	0.4	0.	0.	0.002435838019299417	0.00003374130798383963	0.043798115177923425	0.000016992379255702427	0.000022249683605018814	0.9537153131155377
2.	3.6967066895960676	0.4	0.	0.	0.00663371421011234	0.00008403520739199701	0.10794578121360943	0.000042059372358381845	0.000055493493414136825	0.8852944099965279
2.	3.721246811225087	0.4	0.	0.	0.011329733003296755	0.00013323442849803803	0.16939467527964291	0.00006626411318257711	0.00008810476177652728	0.8190760931753798
2.	3.7457869328541067	0.4	0.	0.	0.015167018616716207	0.00016737818433117777	0.21067171409836413	0.00008271801906483977	0.00011083262944749453	0.7739111710815236
2.	3.7703270544831256	0.4	0.	0.	0.01749750833171204	0.00018270271250651543	0.22769790032072088	0.00008971859933031741	0.00012113895908509418	0.7545321700357303
2.	3.7948671761121453	0.4	0.	0.	0.01821577662123163	0.00018112692660702075	0.22355471189686368	0.00008838237519916963	0.00012024763658499185	0.7579600021800985
2.	3.8194072977411646	0.4	0.	0.	0.01747980245331336	0.00016637506982414773	0.20340128181862996	0.00008067395703133509	0.00011059144387232225	0.7788718667012011
2.	3.843947419370184	0.4	0.	0.	0.015556418817204591	0.00014233984898748462	0.1723980163337345	0.00006858943891132415	0.00009472944478795683	0.8118346355611621
2.	3.8684875409992037	0.4	0.	0.	0.01277129745022758	0.00011273601042004582	0.13529521900016728	0.000053989142189790006	0.00007511596167675319	0.8517667583969953
2.	3.893027662628223	0.4	0.	0.00010388999842436289	0.009502711968587858	0.00008117026614358217	0.09653895468078334	0.00003863528553036268	0.00005414568718843011	0.8937346378005304
2.	3.9175677842572423	0.4	0.	0.00043229576654824704	0.006183436939572974	0.00005124208215990597	0.060407136569803406	0.000024243193568920575	0.00003421981211285884	0.9329016454483465
2.	3.9421079058862616	0.4	0.	0.0006340135384711159	0.0032848873754801706	0.000026469240428002208	0.030933364851548642	0.00001244842669266184	0.000017695517433203414	0.9651088165673793
2.	3.966648027515281	0.4	0.	0.0004883827407674379	0.0012644055409389075	9.92628651342109e-6	0.011501737499323086	4.640927486581362e-6	6.643039918613005e-6	0.9867309070049706
2.	3.9911881491443006	0.4	0.	0.00033365561360245604	0.0005122344217401494	3.924673060704861e-6	0.004509582480360048	1.824324954154852e-6	2.629235438881475e-6	0.9946387784862825
2.	4.0157282707733195	0.4	0.	0.001380896231704391	0.0013981461560495128	0.00001047110727795771	0.011932885704594958	4.839591436758024e-6	7.0218659908502865e-6	0.9852727612089365
2.	4.040268392402339	0.4	0.	0.005460218425668605	0.003919954760287855	0.000028736018000182685	0.03248343426037643	0.000013206772599828142	0.000019288957862019484	0.9580944497630671
2.	4.064808514031359	0.4	0.	0.014830929024900257	0.007956412074638949	0.00005716209732506849	0.06410429751477492	0.000026125747862370683	0.00003840618790010072	0.9130250735404984
2.	4.089348635660378	0.4	0.	0.03156181066109784	0.01316626854828356	0.0000928083398555777	0.10326890259002404	0.00004218658989729016	0.00006241368724362815	0.8518680232708418
2.	4.113888757289398	0.4	0.	0.056908579014066374	0.019044349341316623	0.00013184603676413432	0.1455834329141481	0.00005960978561200462	0.00008874602551623402	0.7782721829080927
2.	4.1384288789184165	0.4	0.	0.09092870940146539	0.025030315686047678	0.00017035234800185007	0.18668651186578156	0.00007661215243566825	0.0001147647299112164	0.697107498546268
2.	4.162969000547436	0.4	0.	0.1324784146259866	0.030622111886238458	0.0002050537965187542	0.22305354033056032	0.0000917386049740803	0.0001382599418236472	0.6135491407557218
2.	4.187509122176456	0.4	0.	0.17956037539146413	0.035457396085447554	0.00023379235014967645	0.2524664121672043	0.00010406023151839703	0.00015776734348477863	0.5321779637742161
2.	4.212049243805476	0.4	0.	0.22983290280123927	0.039342524970235535	0.0002556169836879747	0.27406245684389924	0.00011320077962750616	0.00017263349277437127	0.45639329762131053
2.	4.236589365434495	0.4	0.	0.2810697617943857	0.04223473998151218	0.00027057697376367155	0.288065190798237	0.00011923134501758014	0.0001828795923130002	0.3882404991070839
2.	4.261129487063514	0.4	0.	0.3314495776382014	0.04419891253562335	0.00027937944484071056	0.29538413578429523	0.0001225090696468139	0.0001889725312251783	0.3285654855273925
2.	4.285669608692533	0.4	0.	0.3796625894982566	0.04536036916383198	0.000283054858439887	0.29724043184555543	0.0001235243223315507	0.0001916000679732887	0.27733003031158454
2.	4.310209730321553	0.4	0.	0.42488681128560996	0.04586678810159414	0.0002827064559285667	0.2948957336145839	0.00012278891305345031	0.00019150177658700958	0.23394517162923
2.	4.334749851950573	0.4	0.	0.4666981869616719	0.045863167396044284	0.00027935827431074594	0.2894942355698063	0.00012077015195894483	0.00018936603955019564	0.19754428164620774
2.	4.359289973579592	0.4	0.	0.5049637545493403	0.04547842144866669	0.00027388338807802766	0.28199345459365344	0.00011786126202264288	0.00018578103453336013	0.1671726247582389
2.	4.3838300952086104	0.4	0.	0.5397448347842775	0.0448201818570208	0.00026698490909224186	0.2731514976623373	0.00011437515760708906	0.00018122136086205442	0.1419021256296651
2.	4.40837021683763	0.4	0.	0.5712208037878613	0.0439745112986945	0.0002592061304914105	0.2635442362889536	0.00011055075955610178	0.00017605444305776374	0.120890691734443
2.	4.43291033846665	0.4	0.	0.5996341218312659	0.043008071525316216	0.0002509534089323979	0.2535945243965668	0.00010656449052602837	0.00017055565465040924	0.10340576434739268
2.	4.45745046009567	0.4	0.	0.6252534483043956	0.041971225545344264	0.0002425222927830153	0.24360343577465424	0.00010254278849966847	0.00016492573768983612	0.08882682529432326
2.	4.481990581724689	0.4	0.	0.6483502471976516	0.04090121352200137	0.00023412196006934502	0.2337785464403603	0.00009857354281861966	0.00015930716017625325	0.07663729733709881
2.	4.506530703353708	0.4	0.	0.6691851040717757	0.03982501989513717	0.00022589609671391737	0.22425758017383116	0.0000947157137558432	0.0001537981290840735	0.06641168404878625
2.	4.531070824982727	0.4	0.	0.6880007051312579	0.03876179361107842	0.00021793981812106065	0.21512724331532504	0.00009100703435111683	0.00014846397065396965	0.0578013110898665
2.	4.555610946611747	0.4	0.	0.7050178449311764	0.03772473650329569	0.00021031252136273777	0.2064373594253344	0.00008746981194978516	0.00014334578528060377	0.05052227680688104
2.	4.580151068240767	0.4	0.	0.7204347714743163	0.0367226266431271	0.0002030479186331731	0.19821173872669864	0.00008411540825774096	0.00013846721714159155	0.04434369982896702
2.	4.604691189869786	0.4	0.	0.7344280439006939	0.035760991549911546	0.0001961615577742438	0.1904562159008085	0.00008094756634399774	0.00013383953543683925	0.03907763952446777
2.	4.629231311498805	0.4	0.	0.7471539974152097	0.03484299013447542	0.00018965633471429926	0.18316446561804314	0.0000779648276862915	0.00012946536390824495	0.03457092566987113
2.	4.653771433127824	0.4	0.	0.7587505658575345	0.03397007516977528	0.00018352652495334668	0.17632219876620797	0.00007516228249149054	0.00012534141343083815	0.030698471399037364
2.	4.678311554756844	0.4	0.	0.7693392003671882	0.03314248747034419	0.0001777607072564496	0.1699101560789397	0.00007253282542428222	0.00012146046647910012	0.027357862550847212
2.	4.702851676385864	0.4	0.	0.779026741784979	0.03235962222929993	0.00017234386559164037	0.16390622207290587	0.00007006804737485952	0.00011781280646772382	0.02446500199984869
2.	4.727391798014883	0.4	0.	0.7879071754702908	0.031620298963242796	0.00016725888580486716	0.15828690185710267	0.00006775886128817427	0.00011438723852407042	0.02195060596227069
2.	4.751931919643902	0.4	0.	0.796063220224112	0.030922959420679907	0.00016248761033709497	0.1530283348867254	0.00006559593549989631	0.00011117181055213767	0.019757401922645662
2.	4.776472041272921	0.4	0.	0.8035678679619754	0.030265807234472548	0.00015801154758847264	0.14810707949705304	0.00006356997595409945	0.00010815433228060012	0.017837663782956398
2.	4.801012162901941	0.4	0.	0.8104854644207873	0.029646920156322205	0.00015381241407487278	0.14350037939733418	0.00006167194281960658	0.0001053226925154935	0.016151751668661868
2.	4.89262894023382	0.4	0.	0.8320125802869383	0.02764122822783218	0.0001402914270029683	0.12872848557272917	0.000055575061683813645	0.00009619980469258692	0.011421839423813585
2.	4.984245717565699	0.4	0.	0.8483336824430939	0.026042957248234817	0.0001295740450523643	0.11707823373935233	0.000050754080404453355	0.00008896386490987816	0.008364798443862106
2.	5.075862494897577	0.4	0.	0.8609316024765297	0.024767640005975415	0.0001210142659274987	0.10780322376358219	0.0000469068621024013	0.00008318284687351412	0.006329612625882816
2.	5.167479272229456	0.4	0.	0.8708032374454001	0.023747892567431123	0.0001141226564868871	0.10034994569240746	0.000043807323525091106	0.00007852860079428593	0.004940994314749328
2.	5.259096049561335	0.4	0.	0.878638895033316	0.022931267562901574	0.00010853197847329553	0.09430997157121197	0.0000412880437676417	0.00007475447037695547	0.003970045810329462
2.	5.350712826893214	0.4	0.	0.8849262702526803	0.02227710200765526	0.00010396569193287337	0.08938019056315867	0.00003922430349100898	0.00007167447354258388	0.003273247181081851
2.	5.442329604225092	0.4	0.	0.8900177082360525	0.02175380123342831	0.00010021404791955714	0.08533371560695294	0.000037522364771748876	0.00006914741381725755	0.002757038510874915
2.	5.533946381556971	0.4	0.	0.8941729321482003	0.021336668253548578	0.00009711644572186462	0.08199897898276526	0.00003611105600759835	0.0000670651107602717	0.0023581931137564432
2.	5.62556315888885	0.4	0.	0.8975868385526636	0.021006247958739226	0.00009454865018696563	0.07924487033246747	0.00003493575855515064	0.0000653438501058935	0.0020325587473875584
2.	5.717179936220729	0.4	0.	0.9004080007583274	0.02074708641346229	0.00009241356397102553	0.07697016367645053	0.000033954111518426404	0.00006391819915612229	0.0017483814762703498
2.	5.808796713552608	0.4	0.	0.9027512513461818	0.020546805410467227	0.00009063454189185673	0.07509595104436438	0.00003313292677434897	0.00006273651846750287	0.00148222473032035
2.	5.900413490884486	0.4	0.	0.9047064109149635	0.020395410779634176	0.00008915051210778043	0.07356017802548563	0.000032445954544782394	0.00006175768182277277	0.0012164038132641136
2.	5.992030268216365	0.4	0.	0.906344452572713	0.02028477244707132	0.00008791238326727621	0.072313659852708	0.000031872248988774845	0.0000609486576642082	0.0009373304952516176
2.	6.083647045548244	0.4	0.	0.9077081384479201	0.020207923646965227	0.00008687905253065675	0.07131606205543993	0.00003139442177924333	0.00006028179243336887	0.0006496023753648633
2.	6.175263822880122	0.4	0.	0.9088237518164968	0.0201589543850767	0.00008601627648077532	0.07053444119348286	0.00003099824648494255	0.00005973406227056876	0.00036583808197794554
2.	6.266880600212001	0.4	0.	0.9097279397294074	0.020133317943253706	0.00008529743875477315	0.06994346977425109	0.000030672627534365584	0.00005928763489510405	0.00007930248679871577
2.	6.3584973775438804	0.4	0.	0.9104505282453588	0.020127224636819742	0.00008470052181643845	0.06952265532238693	0.00003040845058374925	0.000058927791252943395	1.e-10
2.	6.4501141548757595	0.4	0.	0.9109439128972389	0.020138727247054677	0.0000842123348901957	0.06921485990928351	0.000030201847777128834	0.00005863338311399814	1.e-10
2.	6.5417309322076385	0.4	0.	0.9110787866542245	0.020168029619404976	0.00008382940362037006	0.06891144347703351	0.00003005516303393134	0.00005837343199286205	1.e-10
2.	6.633347709539517	0.4	0.	0.9110934379347467	0.020209365443286803	0.0000835240431592375	0.06871708459978305	0.00002995274358983568	0.00005816509047172374	1.e-10
2.	6.724964486871396	0.4	0.	0.9110063346128227	0.0202608551490132	0.00008328547929331364	0.06862188813953742	0.00002989032434153495	0.00005800110384050712	1.e-10
2.	6.816581264203275	0.4	0.	0.9108333864916279	0.020320906361538424	0.00008310459284626664	0.06861765580634273	0.000029864343469100465	0.00005787533529080276	0.00011508240417554272
2.	6.908198041535153	0.4	0.	0.9105883338532198	0.020388166839440475	0.00008297363715591754	0.06869760888829725	0.00002987182260243715	0.000057782574769619584	0.0002130449592841338
2.	6.999814818867032	0.4	0.	0.9102830574703059	0.02046148581454184	0.00008288600876152226	0.06885616918696852	0.000029910270712428748	0.000057718383675413596	0.0002864912487097748
2.	7.091431596198911	0.4	0.	0.9099213854418468	0.020539736619622197	0.00008283547363203821	0.06908829578746067	0.000029977420961577833	0.00005767855952861577	0.00033776925647677203
2.	7.18304837353079	0.4	0.	0.9095027302644754	0.020621864789719595	0.0000828163254515731	0.06938959913097033	0.000030071197548944753	0.000057659249124738225	0.00037291829183419556
2.	7.274665150862669	0.4	0.	0.9090303808223628	0.020707049134698244	0.0000828239959785821	0.06975684614358728	0.000030190011456081462	0.00005765737583015177	0.0003927098919170452
2.	7.366281928194548	0.4	0.	0.90850665663571	0.020794571612937168	0.00008285449495636504	0.07018750154446861	0.000030332529400186185	0.00005767025138281972	0.00039808318252772257
2.	7.457898705526426	0.4	0.	0.9079330033578409	0.020883801331322015	0.0000829043202146172	0.07067966598076819	0.00003049764011603719	0.000057695514801803057	0.0003901273697382579
2.	7.549515482858305	0.4	0.	0.9073100633941246	0.020974180841629983	0.00008297038170026237	0.0712320340557101	0.00003068442750973307	0.000057731080740091425	0.00037006689932535253
2.	7.641132260190183	0.4	0.	0.9066377234804468	0.021065214261518927	0.00008304993662757235	0.07184387142558554	0.0000308921496408685	0.0000577750953809536	0.00033924874618028455
2.	7.732749037522062	0.4	0.	0.9059151410248225	0.021156456845255977	0.00008314053352749045	0.07251500997693128	0.000031120222882490635	0.00005782589837627813	0.0002991313965802489
2.	7.824365814853941	0.4	0.	0.9051407478960115	0.021247505633230468	0.00008323996315191693	0.07324586311274423	0.000031368210815902924	0.00005788198943866922	0.00025127518404598204
2.	7.91598259218582	0.4	0.	0.9043122301848077	0.021337990863976298	0.00008334621453303478	0.07403746320434686	0.00003163581773029408	0.00005794199843209665	0.00019733371460586846
2.	8.007599369517699	0.4	0.	0.9034263225212428	0.021427564084971477	0.00008345742000420895	0.07489151242508447	0.00003192288266865907	0.00005800464772804043	0.00013922066602839456
2.	8.099216146849578	0.4	0.	0.9024556394841925	0.021515339591517295	0.00008356967862208202	0.07580853981684361	0.000032228569143298866	0.00005806724037071851	0.00010468285968120994
2.	8.190832924181457	0.4	0.	0.9013113070198565	0.021601266098840114	0.00008368239232956176	0.07677902777964865	0.000032553934272614396	0.000058125858605816447	0.00019216277505255952
2.	8.282449701513336	0.4	0.	0.9000760207020843	0.021684974846476645	0.00008379376712439705	0.07781997566310664	0.000032898685979299916	0.00005818258286954226	0.0003023363352287617
2.	8.374066478845215	0.4	0.	0.898763127092326	0.02176643621756455	0.0000839033563291116	0.07893954330889684	0.000033263728933070645	0.000058237404839987656	0.00041372629595044785
2.	8.465683256177092	0.4	0.	0.8973783235716082	0.02184561772241311	0.00008401072630255246	0.08014694130041343	0.00003365029370767174	0.00005829008340597044	0.0005114563855550536
2.	8.557300033508971	0.4	0.	0.8959243178502525	0.02192243683980883	0.0000841152735384868	0.08145387720598135	0.00003405992686198639	0.000058340254895353767	0.0005811929035568347
2.	8.64891681084085	0.4	0.	0.894399923632562	0.021996734582573223	0.00008421612367686008	0.08287549773283397	0.000034494596765844435	0.00005838736358911781	0.0006091333315880604
2.	8.74053358817273	0.4	0.	0.8927986416388191	0.022068235977663237	0.00008431198175334485	0.08443185724932736	0.00003495685964856	0.000058430558599339996	0.0005819962927884337
2.	8.832150365504608	0.4	0.	0.891106336116168	0.022136487313519575	0.00008440089555006826	0.086150309517845	0.00003545013068895925	0.00005846853079562502	0.000487016026228429
2.	8.923767142836486	0.4	0.	0.8892972248249541	0.022200749852142352	0.00008447985579200054	0.08806961937544866	0.000035979150727072536	0.00005849923715881877	0.0003119469409358089
2.	9.015383920168365	0.4	0.	0.8873271448874189	0.022259822555050518	0.00008454413080867922	0.09024762096853	0.00003655087548083045	0.00005851944203921717	0.00004431658271103478
2.	9.107000697500244	0.4	0.	0.8851392981914287	0.02231217481707691	0.00008458778299526023	0.09277877794075687	0.00003717709416703659	0.00005852507727069069	1.e-10
2.	9.198617474832123	0.4	0.	0.8825685991335087	0.022353515571191584	0.00008459447673171251	0.09582333816926657	0.00003787592494005881	0.000058504887070294235	1.e-10
2.	9.290234252164002	0.4	0.	0.879264511578772	0.02237476471806082	0.00008452989996717221	0.09970775990014136	0.000038683731181578556	0.00005843520480165869	1.e-10
2.	9.38185102949588	0.4	0.	0.7203022369503851	0.01809631307634681	0.00006825301312721363	0.08525930435245528	0.000032140084051449266	0.00004716268741403936	0.1762417525236341
2.	9.406924433874892	0.4	0.	0.41435138303230185	0.010424991611177709	0.00003930197904365466	0.05017473148525701	0.000018697953337063745	0.00002715435926538878	0.5249908939388827
2.	9.431997838253903	0.4	0.	0.8128843627736001	0.020481600155498197	0.00007718115525775398	0.10124151920941617	0.000037177939746897216	0.00005331933580169529	0.06527815876648092
2.	9.457071242632916	0.4	0.	0.8482068959444219	0.021402364174582272	0.00008061567853301794	0.1096306747532751	0.00003947794115199047	0.0000556853788678076	0.020639971508035704
2.	9.482144647011927	0.4	0.	0.8497904787364157	0.021473029715672092	0.00008084685475139644	0.11947530760389788	0.00004069976697795805	0.00005583839130574931	0.009139637322284996
2.	9.507218051390938	0.4	0.	0.8388570933335466	0.021377649780520216	0.00008045322322881289	0.12910824537711146	0.00004385343851613731	0.000055260813023626405	0.01053270484707669
2.	9.532291455769949	0.4	0.	0.845547735514841	0.021578471245389363	0.00008117447282598612	0.12442126611140536	0.00004303115841276349	0.00005574993293975816	0.008328321497125549
2.	9.55736486014896	0.4	0.	0.8496789083965809	0.02171424558999777	0.00008165080486677126	0.1214595627634606	0.000042908822106352906	0.000056070738548215264	0.0070227236229876006
2.	9.582438264527973	0.4	0.	0.8520183226725995	0.02180434468606375	0.00008195534318046381	0.11988858113324832	0.000042876587769508385	0.00005627349623367277	0.006163919577138494
2.	9.607511668906984	0.4	0.	0.8536625610528912	0.021876679307738435	0.00008219316694918714	0.11877739400552298	0.000042889547640253094	0.00005643038903664995	0.005558282919258001
2.	9.632585073285995	0.4	0.	0.8548931155872178	0.021938399582435483	0.00008239121115167253	0.11793547854214739	0.00004292680100062373	0.00005655992289670845	0.005107688276047018
2.	9.657658477665006	0.4	0.	0.8558580568480892	0.02199326723207094	0.00008256364534253556	0.11726332703407592	0.00004297950290211883	0.00005667183316557013	0.004759805737519218
2.	9.682731882044017	0.4	0.	0.8566346629384913	0.02204324340874581	0.00008271785872913439	0.1167110138390991	0.00004304268362372398	0.000056771197265642	0.00448531927131085
2.	9.70780528642303	0.4	0.	0.8572717521940248	0.02208956693738553	0.0000828585187328572	0.11624506004869412	0.00004311347117572806	0.000056861222497203465	0.004267648829986939
2.	9.73287869080204	0.4	0.	0.8577984038513585	0.02213297427424083	0.000082988401380045	0.115844466058401	0.000043189886976615374	0.000056943816883958656	0.004097977527642932
2.	9.757952095181052	0.4	0.	0.8582322126606989	0.022173909293947247	0.00008310918147319005	0.11549448599822205	0.00004327047120990688	0.00005702013203796762	0.003973012394448666
2.	9.783025499560063	0.4	0.	0.8585821785831059	0.02221260164808098	0.00008322172840937013	0.11518402080435762	0.00004335402227523224	0.00005709075843038409	0.0038946232137708203
2.	9.808098903939074	0.4	0.	0.8588420967439387	0.022249140141665527	0.00008332638259981432	0.11490218353135209	0.00004343955231751733	0.00005715556106715062	0.0038798136481262707
2.	9.833172308318087	0.4	0.	0.8590105864411302	0.022283218198646867	0.00008342200360945556	0.11464298019079641	0.000043525498519771234	0.000057214137761272616	0.003936267667297336
2.	9.858245712697098	0.4	0.	0.8590611020252716	0.022314137383500184	0.00008350598616452353	0.11439760585963045	0.000043609788480617896	0.0000572647047012069	0.004100038956952587
2.	9.883319117076109	0.4	0.	0.858928176082578	0.0223401833474573	0.00008357192837252499	0.11415323657550233	0.00004368850871591861	0.000057302875719553006	0.004451143557373999
2.	9.90839252145512	0.4	0.	0.8584393726117215	0.022356847016637496	0.00008360298691429699	0.11388372004837446	0.000043752375921662604	0.000057317108307073434	0.0051927049604304915
2.	9.933465925834131	0.4	0.	0.8570400547103193	0.022349629008173413	0.0000835449984562135	0.11351303500018078	0.00004377259307486002	0.0000572702827063843	0.0069699636897954526
2.	9.958539330213144	0.4	0.	0.8520995544626998	0.02224974616131366	0.00008314103557525259	0.11269151059123728	0.00004361391776295399	0.00005698631950878274	0.012832433831411014
2.	9.983612734592155	0.4	0.	0.8117828313157667	0.02122449574813614	0.00007928103319069408	0.10721453080592275	0.00004164186554541957	0.00005433387819349133	0.05965721923143834
2.	10.008686138971166	0.4	0.	0.7210616610050856	0.018876871300047227	0.00007048631242229831	0.09511519883564012	0.00003707132060196924	0.00004830057925553041	0.16483871122620275
2.	10.033759543350177	0.4	0.	0.8482913544566547	0.022236173711634125	0.00008300016942788471	0.11177176089406672	0.0000437123318996413	0.000056868607827932685	0.01757399843631692
2.	10.058832947729188	0.4	0.	0.8564348585105575	0.02247833281242725	0.00008387420913934028	0.11272816888429166	0.00004423469798392912	0.000057460321596246685	0.008230530885600343
2.	10.083906352108201	0.4	0.	0.8584390383949995	0.022559596261260754	0.00008414771852110598	0.11288506941332101	0.00004444298213761565	0.00005764051954485935	0.005987705229759999
2.	10.108979756487212	0.4	0.	0.8591445919899035	0.022606722598631338	0.0000842939792938048	0.11287997544936627	0.000044586057272912924	0.000057733509484870265	0.00523982992553218
2.	10.134053160866223	0.4	0.	0.8593828238335435	0.022641484286185124	0.00008439427890331477	0.11282173875733677	0.0000447065998969186	0.00005779499174763528	0.005024852244134348
2.	10.159126565245234	0.4	0.	0.8593748184752514	0.022669667401481672	0.00008447022333371474	0.11273886396168664	0.00004481588562776392	0.0000578397728792273	0.005087364052618754
2.	10.184199969624245	0.4	0.	0.8591708777038448	0.022692576714084978	0.00008452669607248438	0.11263743973794399	0.00004491638113110201	0.000057871202980878405	0.005369662766922634
2.	10.209273374003258	0.4	0.	0.8587142995800936	0.022708694048376284	0.00008455806210736448	0.11250957324843404	0.00004500497734878304	0.00005788542989222796	0.00593787008363994
2.	10.23434677838227	0.4	0.	0.8577210645408145	0.022710475095846287	0.00008453626236673323	0.1123176702411285	0.00004506659672552522	0.000057863254598877196	0.0071211872631183615
2.	10.25942018276128	0.4	0.	0.8547394407108992	0.022659382312061854	0.0000843179457570151	0.11187141685060277	0.00004502450258102821	0.00005770658270974096	0.010600417678098065
2.	10.284493587140291	0.4	0.	0.8302016494441842	0.02203584010721516	0.00008197054919069124	0.10861083780656988	0.00004384443132745222	0.00005609299928116112	0.03902585766151265
2.	10.309566991519302	0.4	0.	0.7911035228390788	0.021023672142138565	0.00007817974175825336	0.10345384482965816	0.00004188789965717035	0.00005349220285020289	0.08429889254770909
2.	10.334640395898315	0.4	0.	0.8521344931504832	0.022673063051294365	0.00008428579850768888	0.11139448121205832	0.000045237248632885704	0.0000576628427580903	0.01366843953902358
2.	10.359713800277326	0.4	0.	0.8555909166886273	0.022792532670181748	0.00008470254642266143	0.11181018762375791	0.00004554020433568737	0.000057940663393096625	0.009676120266674665
2.	10.384787204656337	0.4	0.	0.8560086279958286	0.022831083815691388	0.00008481861675049528	0.11183290150986211	0.00004568308255223542	0.000058012756049448436	0.009196884979315173
2.	10.409860609035348	0.4	0.	0.855699021235214	0.02285014715214288	0.00008486244268116035	0.11176464915216666	0.00004578825844248055	0.00005803541875658614	0.009555531759352837
2.	10.43493401341436	0.4	0.	0.855047307986956	0.022859952429685197	0.00008487207131411375	0.1116556030980297	0.000045876066809935215	0.00005803468670571239	0.010306388347205014
2.	10.460007417793372	0.4	0.	0.8541346938001338	0.02286264139418636	0.00008485548218931059	0.11151620580446299	0.000045950707175036946	0.00005801602466248138	0.01135565281185244
2.	10.485080822172383	0.4	0.	0.8529483380075312	0.02285784596384451	0.00008481133205576614	0.11134462297625579	0.00004601135260871107	0.000057978521412614995	0.012718370367703971
2.	10.510154226551395	0.4	0.	0.8514066892408217	0.022843353083180456	0.00008473143553234765	0.11113006162823495	0.00004605345180361297	0.000057916589391166277	0.01448911116042692
2.	10.535227630930406	0.4	0.	0.8492855545697424	0.022813108052292485	0.00008459337168252864	0.11084312192410412	0.00004606466787741491	0.00005781491463665862	0.016927557414300992
2.	10.560301035309418	0.4	0.	0.8456773499191352	0.022742650009678626	0.00008430651508140387	0.11036522913205697	0.00004599535999687341	0.00005761158280480743	0.021084469064050843
2.	10.58537443968843	0.4	0.	0.828448433251134	0.022305154712002503	0.00008265983165387933	0.10811282023839577	0.00004518307541422461	0.000056479166758091276	0.04100574889139963
2.	10.61044784406744	0.4	2.414906756729442e-10	0.8106739996118115	0.021851796717254384	0.0000809555522482713	0.10579210715393789	0.00004433668744510102	0.00005530768487200086	0.06155680403581215
2.	10.635521248446452	0.4	6.039961986342001e-6	0.8345144816681289	0.022520276033387306	0.00008340736533207332	0.10890478834419284	0.00004576812525526887	0.000056975520410605305	0.033925238501717206
2.	10.660594652825463	0.4	0.00003295344964068642	0.8302028278589398	0.02242956019672738	0.00008304694112735215	0.10834622453039774	0.000045659496465949146	0.000056722136417420434	0.03885972752670103
2.	10.685668057204474	0.4	0.00008843642973691674	0.8218411426919736	0.022228950399431794	0.00008228013626564324	0.107261530399795	0.00004532707923665412	0.000056191285604424	0.04845233286356036
2.	10.710741461583487	0.4	0.0001764192442846609	0.8088395443787229	0.0219021026222726	0.0000810468203508747	0.1055734618509038	0.00004473632826040238	0.00005534201413645787	0.06338268875520484
2.	10.735814865962498	0.4	0.0002969217893933171	0.7880539398507822	0.021363360964326346	0.00007903051825567434	0.10287125801609642	0.000043710628257274716	0.00005395836870245626	0.08729177823288876
2.	10.760888270341509	0.4	0.00044252978254549747	0.7524262845557095	0.020420466253737522	0.00007552086031416584	0.09823289581827653	0.00004185363018817642	0.00005155560661856039	0.12836044909922872
2.	10.78596167472052	0.4	0.0005869201958761499	0.6856800942300889	0.018629842229903024	0.00006887909132983454	0.08953200580397044	0.000038250190827428195	0.00004701553295300445	0.2054640082580042
2.	10.811035079099533	0.4	0.0006538644298469502	0.5525045123076525	0.015028211508703463	0.000055547358690281194	0.07215476917164064	0.00003090975068870976	0.00003791074689865602	0.3595721854727774
2.	10.836108483478544	0.4	0.0005335773450352378	0.3391459184716665	0.009235061876263747	0.00003412516191529287	0.04429928037917153	0.000019028234626065932	0.00002328727196758764	0.6067330085313216
2.	10.861181887857555	0.4	0.0006472137953021582	0.3191732805286059	0.00870080458872999	0.000032142083778504464	0.04169900330138044	0.00001795953920644447	0.000021931224673507996	0.6297295961629966
2.	10.886255292236566	0.4	0.0013363055669384316	0.5242789996875673	0.014307803469621098	0.000052840653399390755	0.06851074355536946	0.000029586413615328237	0.0000360497278393693	0.39148372065348896
2.	10.911328696615577	0.4	0.002020035811037232	0.643710881712145	0.01758639935520608	0.00006493123016746886	0.08413795428783985	0.00003643227311713226	0.000044292724382755435	0.25244336533048717
2.	10.936402100994588	0.4	0.0025580705471558323	0.6737205659487521	0.018426355129854535	0.00006801402903274924	0.08808326498372586	0.00003824239242737189	0.000046389769468716045	0.21710548696905152
2.	10.9614755053736	0.4	0.00290548756072162	0.6418965381267127	0.017575035442192688	0.00006485426026754479	0.0839457250833379	0.000036543009405721636	0.00004422900493414035	0.25357581651736183
2.	10.986548909752612	0.4	0.0030706880283628392	0.5763917779022076	0.015798596400220764	0.0000582834030362872	0.07540125332680363	0.00003291055468008134	0.000039742804036522596	0.3292464903846888
2.	11.011622314131623	0.4	0.0035890152257484777	0.5788105905614068	0.015881984614353258	0.000058575515102974096	0.07574110235607613	0.00003314637897117447	0.000039936928909595137	0.3258855853483411
2.	11.036695718510634	0.4	0.0047398874173203535	0.6632341851291075	0.01821800507378041	0.00006717349680680802	0.08681672538872737	0.0000380936600858827	0.000045793248252825306	0.22688592983417166
2.	11.061769122889647	0.4	0.005997084538081401	0.7344313152368508	0.020195228439639425	0.00007444448607732774	0.09616916993548745	0.00004230844597347695	0.000050743565024117946	0.14309044891789013
2.	11.086842527268658	0.4	0.007184433455316521	0.7760406006219559	0.021362091193546453	0.0000787254199663858	0.10165389217233142	0.00004483882923035218	0.00005365477433863325	0.09363541830765296
2.	11.111915931647669	0.4	0.0083355955141908	0.7997144611723941	0.022037082323141225	0.00008119206549066509	0.10479389450764987	0.00004634495740181507	0.000055328885901473656	0.06499142945973146
2.	11.13698933602668	0.4	0.00948999602010753	0.8137728660277562	0.022448135388696538	0.00008268540427379119	0.106677333489421	0.00004730120240007326	0.000056339390087856647	0.04748168246734483
2.	11.162062740405691	0.4	0.01067042014953646	0.8225036571577397	0.022712814020399846	0.00008363911220349387	0.10786512102988452	0.00004795257275012144	0.000056981995700285184	0.03611639595748595
2.	11.187136144784702	0.4	0.01188898697213452	0.8280985530225395	0.02289123914709214	0.00008427494069095203	0.10864398765719611	0.0000484244619661886	0.000057407899197931935	0.028344533798380603
2.	11.212209549163715	0.4	0.013152110227986777	0.8317340711431229	0.023015694494719033	0.00008471195568558367	0.1091678493271003	0.00004878423744723687	0.00005769828017326557	0.022796778613938085
2.	11.237282953542726	0.4	0.014463135935712919	0.8340787323964931	0.023104528760238007	0.00008501782485745484	0.10952415555112546	0.000049070198949926835	0.00005789927355817747	0.01869535933262309
2.	11.262356357921737	0.4	0.015823683740723543	0.8355330662350741	0.02316873702359981	0.00008523309467100407	0.10976528909791107	0.00004930529873702087	0.00005803852302080172	0.01557468550928355
2.	11.287429762300748	0.4	0.017234347375991402	0.8363484982458245	0.023215221972124497	0.00008538321917840917	0.10992412130904912	0.00004950394417940547	0.0000581333825103188	0.013142923933652767
2.	11.312503166679761	0.4	0.018695076961279474	0.8366893806947208	0.02324849593196688	0.00008548483742296125	0.11002212884796005	0.00004967554971271119	0.000058195196217364725	0.011209757176937174
2.	11.337576571058772	0.4	0.020205397862669845	0.8366669999384819	0.0232716142007711	0.00008554921554427567	0.11007384395328544	0.000049826485394843873	0.00005823164535167681	0.009646768343852613
2.	11.362649975437783	0.4	0.021764542057372743	0.8363590745024706	0.023286710283188974	0.00008558422061164923	0.11008940605148466	0.000049961194749580135	0.000058248093840077367	0.00836472169012177
2.	11.387723379816794	0.4	0.023371530678497596	0.8358213876310646	0.02329531527344768	0.00008559549838307932	0.11007608419248945	0.0000500828620279384	0.00005824839126753549	0.00730000386408966
2.	11.412796784195805	0.4	0.025025228243469165	0.8350949755817083	0.023298555252405324	0.00008558720119696513	0.11003921778010306	0.000050193824750135644	0.00005823536910896032	0.00640624211636702
2.	11.437870188574816	0.4	0.02672437983738713	0.8342107092521218	0.023297277124848383	0.00008556245197145502	0.10998281629466969	0.00005029583678048231	0.00005821115704882453	0.005648959202220957
2.	11.46294359295383	0.4	0.02846762156666006	0.8331918789227585	0.023292134913383895	0.00008552366232385646	0.10990984281157073	0.000050390253132448396	0.000058177378421534284	0.005002607870170553
2.	11.48801699733284	0.4	0.03025341790915838	0.832054332740781	0.023283662484779796	0.00008547280041785053	0.10982198445550985	0.00005047820194602551	0.000058135236166250786	0.0044506514074071635
2.	11.513090401711851	0.4	0.032080403537900065	0.8308160054385189	0.023272236375939948	0.00008541125507990566	0.10972197186721068	0.00005056042158198068	0.00005808583915710502	0.003973411103768476
2.	11.538163806090862	0.4	0.03394705369809026	0.8294888940187426	0.02325818514147211	0.0000853402377156879	0.10961134741641561	0.00005063758281789669	0.00005803001416921575	0.0035585419047458045
2.	11.563237210469875	0.4	0.035851807973922956	0.8280828831480492	0.02324177942824948	0.0000852607461227782	0.10949137762872835	0.000050710235711736825	0.00005796844231152672	0.0031961808392154956
2.	11.588310614848886	0.4	0.037793078683572214	0.826606242442008	0.023223245643876133	0.0000851736148807663	0.10936311826506692	0.00005077883823545195	0.00005790169337671196	0.00287836251236058
2.	11.613384019227897	0.4	0.03976925808602127	0.8250659908846064	0.023202775973718545	0.00008507955227969443	0.1092274621055365	0.00005084377726610749	0.00005783025101425452	0.0025985896205714537
2.	11.638457423606908	0.4	0.04177872468377105	0.8234681675477298	0.02318053582253299	0.00008497916775411058	0.10908517434298617	0.00005090538418634968	0.00005775453143129091	0.0023515130510395055
2.	11.66353082798592	0.4	0.043819848793072026	0.8218180347662093	0.023156669399037468	0.00008487299247144981	0.10893691920548611	0.000050963946593909715	0.00005767489742700434	0.002132690897129752
2.	11.68860423236493	0.4	0.04589099752373054	0.820120232379363	0.023131303954928975	0.00008476149496044689	0.10878328016144022	0.000051019717192734977	0.00005759166904604804	0.0019384047683840416
2.	11.713677636743943	0.4	0.047990539263156565	0.8183788959473952	0.023104553033072673	0.00008464509308735735	0.10862477534452168	0.0000510729206060503	0.000057505131742521066	0.0017655183981604705
2.	11.738751041122955	0.4	0.05011684772343953	0.8165977479781403	0.023076518973068033	0.00008452416329512795	0.10846186957962838	0.0000511237586316274	0.00005741554267839036	0.0016113678237969775
2.	11.763824445501966	0.4	0.052268305620323384	0.8147801691323846	0.023047294865966912	0.00008439904781228655	0.10829498362670742	0.0000511724143419023	0.00005732313563807871	0.0014736752924635332
2.	11.788897849880977	0.4	0.05444330800559639	0.8129292539568895	0.023016966082994816	0.00008427006029197911	0.10812450152984321	0.00005121905528742016	0.00005722812487315137	0.001350481309096624
2.	11.81397125425999	0.4	0.05664026530310136	0.8110478550576343	0.022985611486113406	0.00008413749027844154	0.10795077633487081	0.000051263836033224455	0.00005713070814783388	0.0012400904919683542
2.	11.839044658639	0.4	0.05885760605052994	0.8091386180374369	0.022953304384081406	0.00008400160673577349	0.10777413473566021	0.000051306900158185485	0.00005703106914554207	0.0011410282853976106
2.	11.864118063018012	0.4	0.06109377939556691	0.8072040096393832	0.02292011330152648	0.00008386266088754657	0.10759488066479274	0.00005134838186193173	0.000056929379405716876	0.0010520059559812056
2.	11.889191467397023	0.4	0.06334725733240384	0.8052463401715092	0.022886102590260738	0.00008372088847529624	0.10741329830973174	0.00005138840723762522	0.000056825799864726176	0.0009718923003815549
2.	11.914264871776034	0.4	0.06561653672460814	0.8032677818231557	0.022851332927537178	0.00008357651160029899	0.10722965441604886	0.000051427095307244173	0.000056720482112766334	0.0008996905017426143
2.	11.939338276155045	0.4	0.06790014110334867	0.8012703834390369	0.022815861716560644	0.00008342974020529974	0.10704420028882712	0.000051464558849819	0.000056613569405471045	0.0008345191531715507
2.	11.964411680534058	0.4	0.07019662226977791	0.7992560826750293	0.02277974341489974	0.00008328077329052027	0.10685717330561624	0.00005150090507677709	0.00005650519749445112	0.000775596656309524
2.	11.989485084913069	0.4	0.07250456169999536	0.7972267159228664	0.02274302980133466	0.00008312979990287738	0.10666879826475713	0.0000515362361771051	0.00005639549530333804	0.0007222282749664577
2.	12.01455848929208	0.4	0.07482257227506156	0.7951840318926685	0.022705770348861194	0.00008297700051169349	0.10647928910617514	0.000051570650110358575	0.0000562845858654703	0.0006737887266115572
2.	12.03963189367109	0.4	0.07714930064305858	0.7931297110166194	0.02266801276633745	0.00008282254899870045	0.10628885154037859	0.00005160424179374481	0.00005617258767748623	0.0006296972428134762
2.	12.064705298050104	0.4	0.07948342453066128	0.7910653326541417	0.02262980205006916	0.00008266660920228859	0.1060976785731073	0.00005163710090638013	0.00005605961235888382	0.0005894584819119281
2.	12.089778702429115	0.4	0.08182365502543093	0.7889923979311415	0.022591181123291296	0.0000825093372651011	0.10590595355693509	0.00005166931329264592	0.00005594576624836682	0.0005526337126433856
2.	12.114852106808126	0.4	0.08416873742895137	0.7869123366202648	0.022552191021981475	0.00008235088232205646	0.10571385108736385	0.000051700961346012287	0.000055831150873823906	0.0005188319977704053
2.	12.139925511187137	0.4	0.08651745173257881	0.784826510745792	0.022512870987889705	0.0000821913868486523	0.10552153745496254	0.00005173212418432542	0.00005571586319165639	0.00048770556774394014
2.	12.164998915566148	0.4	0.0888686129655978	0.782736217685719	0.022473258547780057	0.00008203098695837702	0.10532917101089141	0.000051762877795004175	0.00005559999579142666	0.00045894592525839994
2.	12.190072319945159	0.4	0.09122107142472027	0.7806426928733413	0.022433389581727203	0.00008186981265968386	0.10513690254569538	0.00005179329515752842	0.00005548363707294222	0.00043228046669858966
2.	12.215145724324172	0.4	0.09357371280227189	0.7785471122527942	0.02239329838483222	0.0000817079880885169	0.10494487555297959	0.00005182344635167308	0.00005536687140663606	0.00040746957268200656
2.	12.240219128703183	0.4	0.09592545820507539	0.7764505944084423	0.022353017720002543	0.00008154563170783851	0.10475322652404905	0.00005185339864635526	0.0000552497792714638	0.0003843041120765306
2.	12.265292533082194	0.4	0.09827526408922145	0.7743542025694955	0.022312578867535283	0.00008138285649514351	0.10456208516667621	0.000051883216582081836	0.00005513243738455473	0.0003626032339943269
2.	12.290365937461205	0.4	0.10062212210357621	0.772258946404307	0.022272011669010727	0.00008121977010889119	0.10437157463394674	0.00005191296204124441	0.000055014918816480486	0.00034221245700914726
2.	12.315439341840218	0.4	0.10296505885654576	0.7701657837004138	0.022231344568227566	0.00008105647504384865	0.10418181173173746	0.000051942694311984295	0.00005489729309892303	0.0003230019737195944
2.	12.340512746219229	0.4	0.1053031356114115	0.768075621942538	0.02219060464950906	0.00008089306877656657	0.1039929070929174	0.00005197247014707022	0.00005477962632557436	0.0003048651647004491
2.	12.36558615059824	0.4	0.10763544791607398	0.7659893198038711	0.022149817673802124	0.00008072964390254343	0.1038049653663757	0.00005200234381783396	0.00005466198124732908	0.0002877172521568161
2.	12.390659554977251	0.4	0.10996112517178046	0.7639076885562246	0.02210900811271246	0.00008056628826561651	0.10361808538390914	0.000052032367164157645	0.00005454441736213758	0.00027149411994359385
2.	12.415732959356262	0.4	0.11227933015598357	0.7618314934768715	0.022068199182713216	0.00008040308508774597	0.10343236028346732	0.00005206258964512853	0.00005442699100505356	0.00025615122623152964
2.	12.440806363735273	0.4	0.11458925848022969	0.7597614550902438	0.022027412874831693	0.00008024011308209296	0.10324787775011583	0.000052093058380157436	0.00005430975542690225	0.00024166263311668768
2.	12.465879768114286	0.4	0.11689013802847385	0.7576982505310945	0.021986669988099415	0.00008007744657959259	0.10306472007932972	0.000052123818198876404	0.000054192760882016815	0.0002280201082240918
2.	12.490953172493297	0.4	0.11918122834009012	0.7556425147527056	0.021945990158756565	0.00007991515563984534	0.10288296436322816	0.00005215491168185308	0.000054076054705293953	0.0002152323178978427
2.	12.516026576872308	0.4	0.1214618199682224	0.7535948417641654	0.02190539189053031	0.00007975330616571826	0.10270268263069386	0.000052186379204319046	0.000053959681391695925	0.00020332406101807032
2.	12.54109998125132	0.4	0.12373123381012523	0.7515557858447564	0.021864892584478293	0.00007959196001616326	0.1025239419821171	0.000052218258979600345	0.0000538436826744827	0.00019233555952727355
2.	12.566173385630332	0.4	0.12598882040895712	0.7495258627099666	0.02182450856764901	0.00007943117511453568	0.10234680472840675	0.00005225058709987808	0.000053728097600336556	0.0001823218228061141
2.	12.591246790009343	0.4	0.12823395924093517	0.7475055506932119	0.021784255122416094	0.0000792710055591799	0.10217132853363883	0.000052283397579433196	0.00005361296260595901	0.000173352006659383
2.	12.616320194388354	0.4	0.13046605798473523	0.7454952919010929	0.021744146515257086	0.00007911150173181016	0.10199756653742971	0.00005231672239685866	0.000053498311593114146	0.0001655088373564012
2.	12.641393598767365	0.4	0.13268455177476726	0.7434954933342743	0.021704196024739032	0.00007895271040282826	0.10182556750012826	0.00005235059153632107	0.00005338417600154052	0.00015888806415195744
2.	12.931083530086722	0.4	0.15717451127734322	0.7212446327370731	0.021257364226106187	0.00007718116472048476	0.0999774204377838	0.00005278898287895896	0.00005211050319431481	0.00021610117409427698
2.	13.220773461406079	0.4	0.17924818001159207	0.7008999601084982	0.0208493695238079	0.00007556655718216099	0.09842652628645053	0.00005334354481310542	0.00005094665701865236	0.0004470539676560692
2.	13.510463392725436	0.4	0.19878799400317768	0.68294738192924	0.020497458346021506	0.00007416904075036841	0.09723811826578861	0.000054062640171387124	0.00004993225843645927	0.00040081577485048814
2.	13.800153324044793	0.4	0.215814319089329	0.6672535837420679	0.020199626894738545	0.00007297911160616208	0.09639779876046074	0.00005494885263580127	0.000049061020201753725	0.0002067435491618641
2.	14.08984325536415	0.4	0.23043763745021853	0.6535001633484677	0.019948472175860068	0.00007196810299970965	0.09586370418715628	0.000055990525475765884	0.000048313112017479246	0.00012206420982197042
2.	14.379533186683506	0.4	0.24289049878221777	0.6415195789660156	0.019740805775329166	0.00007112290866302338	0.09561579995002348	0.00005718690336376065	0.000047679225433776696	0.00010500671438708198
2.	14.669223118002863	0.4	0.2534364947151551	0.6311388024702143	0.01957301479955597	0.00007042914012486989	0.09563347687221231	0.000058535922249701684	0.0000471492288619832	0.0000892460804878259
2.	14.95891304932222	0.4	0.2623196661991553	0.6221401511086576	0.019440039201844072	0.00006986742662779546	0.09588838259829023	0.000060030754811541124	0.00004670945411091455	0.00008186271061334793
2.	15.248602980641577	0.4	0.2697697308038862	0.6143266143297303	0.019336978217126637	0.00006941918170994708	0.09635528019914123	0.00006166392228790414	0.000046347112426001026	0.00008031334611768859
2.	15.538292911960934	0.4	0.2759956611357033	0.6075253286593695	0.019259237829574765	0.00006906710048411232	0.09701262790070936	0.0000634276592836789	0.00004605062160935106	0.00007464971487536332
2.	15.82798284328029	0.4	0.28117825477346464	0.6015778962617685	0.01920268340882651	0.00006879567703464218	0.09783947616174377	0.00006531453821584939	0.000045809396698506694	0.00006757917894607834
2.	16.117672774599647	0.4	0.2854740292899963	0.5963473889053611	0.01916369793742605	0.00006859138523194822	0.09881732607026643	0.00006731769751403855	0.00004561421568621573	0.00006164871420415163
2.	16.407362705919002	0.4	0.2890184393541489	0.5917194810681266	0.019139251144133118	0.00006844290155324774	0.09993044579866119	0.00006943123591113319	0.00004545735870041463	0.000054508497465979855
2.	16.69705263723836	0.4	0.29192404291467006	0.5875920398434756	0.01912675418776622	0.0000683405640211801	0.10116360196838584	0.0000716499334550104	0.000045332032670702114	0.00005357058822601235
2.	16.986742568557716	0.4	0.29428891731721835	0.5838838631881511	0.019123917889224084	0.00006827584949354253	0.10250546022326858	0.0000739687211972958	0.00004523258884186204	0.00005559681144712281
2.	17.276432499877075	0.4	0.2961962320675797	0.5805273331143517	0.019128834393678438	0.00006824165270458724	0.1039463430905997	0.00007638319371898813	0.00004515432035909442	0.0000566324873669255
2.	17.56612243119643	0.4	0.29771542792991834	0.5774646200102893	0.019139923867367983	0.000068232084618953	0.10547743809839959	0.00007888957055443781	0.00004509325362218201	0.0000554684388514165
2.	17.85581236251579	0.4	0.29890438016632925	0.5746462387590078	0.01915583082351623	0.00006824209373104215	0.1070909019935121	0.0000814843824418679	0.00004504598065111237	0.0000529217814617261
2.	18.145502293835143	0.4	0.29981179663433344	0.5720308891753666	0.019175429349676414	0.00006826747778620245	0.1087799186162207	0.00008416459024933654	0.00004500966349372065	0.000049534156367311843
2.	18.435192225154502	0.4	0.30047748610515157	0.5695822062433008	0.019197858049535575	0.0000683050020683079	0.11053755798293839	0.00008692789833655521	0.000044981940145156476	0.000049658718668812996
2.	18.724882156473857	0.4	0.3009372617690813	0.5672735218953784	0.01922227238623726	0.00006835151316015038	0.11235962818407083	0.00008977161272343783	0.00004496085877503959	0.00004919263934857754
2.	19.014572087793216	0.4	0.30121996606666357	0.5650802408994321	0.019247981618027387	0.00006840442319063253	0.11424159174346188	0.00009269340666375524	0.0000449447099313656	0.000049121842560645446
2.	19.30426201911257	0.4	0.30135030314370165	0.5629825225944021	0.01927445006305134	0.00006846171090445528	0.11617953357914756	0.00009569138229430253	0.00004493214300547986	0.00004903752649862425
2.	19.59395195043193	0.4	0.30134933859056334	0.5609641222970924	0.019301249563341647	0.00006852174989531589	0.11817004662030801	0.00009876391746774043	0.000044922067646158255	0.00004795726133155487
2.	19.883641881751284	0.4	0.3012343855393286	0.5590105095636619	0.019328010946576463	0.00006858313414940823	0.12020981963315233	0.00010190947915764851	0.00004491352272184711	0.00004678170397365289
2.	20.17333181307064	0.4	0.3010194567516636	0.5571084223596549	0.019354457676851292	0.00006864479584101166	0.12229531351468749	0.00010512217070153922	0.00004490569401876461	0.000048582730600293944
2.	20.463021744389998	0.4	0.3007186686338438	0.5552504088032292	0.01938032820422759	0.00006870572840940731	0.12442496758432116	0.00010840072094416464	0.000044898026727927274	0.00004852032502468406
2.	20.752711675709357	0.4	0.30034253927852506	0.5534276322091064	0.01940539351715268	0.00006876504789760835	0.1265964063588835	0.00011174643492559857	0.000044889937424154716	0.00004751715350920227
2.	21.04240160702871	0.4	0.29989992809006466	0.5516324477148712	0.01942946009275635	0.00006882200250696691	0.12880744533121447	0.00011515786908553814	0.00004488092780377085	0.00004673889950077004
2.	21.332091538348067	0.4	0.29939890100516936	0.5498593155846573	0.019452403432874053	0.00006887609052071608	0.13105628392694094	0.00011863386104296882	0.00004487066163918046	0.00004558609879465325
2.	21.621781469667425	0.4	0.2988461379339368	0.5481031999019912	0.019474136838168572	0.00006892694882718751	0.13334064321326428	0.00012217339522856962	0.00004485886186723194	0.00004478176858344063
2.	21.911471400986784	0.4	0.29824697155729774	0.5463591062641838	0.019494566962691348	0.0000689741950165342	0.135658760903574	0.00012577533596134865	0.000044845243015573913	0.00004584478127520053
2.	22.20116133230614	0.4	0.2976069883701938	0.5446244528270734	0.019513604779021906	0.00006901746585627193	0.13800969588378603	0.00012943846619651065	0.0000448296262724037	0.00004680220787220413
2.	22.490851263625494	0.4	0.2969307641914566	0.5428967164354546	0.019531208452313334	0.00006905656853748011	0.140392275319342	0.00013316182220148002	0.00004481188466519955	0.00004681721069452194
2.	22.780541194944853	0.4	0.29622192786978596	0.541173168483375	0.019547327057117887	0.00006909128118311369	0.14280527847683505	0.00013694432488962574	0.000044791870507603256	0.00004626250681327715
2.	23.07023112626421	0.4	0.2954835833755206	0.5394514188651777	0.01956192023769612	0.00006912142212773643	0.1452475775545222	0.0001407849110176912	0.00004476946048667558	0.000045593633938023626
2.	23.359921057583566	0.4	0.2947187470423753	0.5377300834117288	0.019575010536622146	0.00006914703448676333	0.1477170657759055	0.00014468293764259533	0.00004474464175877917	0.000045263261238909225
2.	23.64961098890292	0.4	0.2939299162483079	0.5360076868670108	0.01958657938907737	0.00006916801835426201	0.15021273533583407	0.00014863743182190597	0.00004471735152590911	0.000045276709593644604
2.	23.93930092022228	0.4	0.29311936528782345	0.5342830992019104	0.01959659672948006	0.00006918423537132446	0.15273376720273932	0.00015264728497239153	0.00004468752846037232	0.0000453400577029861
2.	24.22899085154164	0.4	0.29228901981402955	0.5325552957228483	0.01960505902040261	0.0000691956428447504	0.15527912483503914	0.00015671155998608802	0.00004465514348589984	0.0000455934048494977
2.	24.518680782860994	0.4	0.2914408124227408	0.5308238547096361	0.019611984435234663	0.00006920227648008402	0.15784794969764676	0.0001608294702803109	0.000044620216533695864	0.0000453669879812435
2.	24.80837071418035	0.4	0.2905762132132889	0.5290880192731355	0.019617378498461235	0.00006920412894880672	0.16043932102195438	0.00016500011337476937	0.00004458273818527298	0.00004486375083628813
2.	25.098060645499707	0.4	0.2896961166273595	0.5273464827240203	0.01962125390043986	0.00006920121971560345	0.16305235582283148	0.00016922263816375558	0.00004454268152823837	0.00004536706746946506
2.	25.387750576819066	0.4	0.2888022724069609	0.5255997601251474	0.019623639006825663	0.00006919362490892609	0.1656861285464633	0.00017349630112181892	0.00004450011624474971	0.000045509988572028925
2.	25.67744050813842	0.4	0.2878958218014989	0.5238476019865289	0.019624541394799497	0.0000691813486211552	0.16833988138963732	0.00017782017334317266	0.000044455055172134684	0.00004515190557105586
2.	25.967130439457776	0.4	0.28697760433708114	0.5220895131598046	0.019623968624162078	0.0000691643961124622	0.17101272159157496	0.00018219331160270792	0.00004440749956147941	0.00004483457966217297
2.	26.256820370777135	0.4	0.28604851574545886	0.5203253465574316	0.01962194115560837	0.00006914281925009582	0.17370387382954872	0.00018661487819895704	0.000044357479400394005	0.000044565014503450406
2.	26.54651030209649	0.4	0.2851094349808599	0.5185551382261103	0.01961848633396592	0.00006911669518999099	0.17641281065885192	0.0001910840973031882	0.00004430503969172654	0.00004392900771882369
2.	26.836200233415845	0.4	0.2841607684637825	0.5167783067311132	0.019613634631633632	0.00006908611305469697	0.17913833436133164	0.00019560023502757204	0.000044250200709982764	0.000044269464056584384
2.	27.125890164735203	0.4	0.2832034502540236	0.5149952730063673	0.01960739763181556	0.00006905109632689583	0.18187993780072503	0.00020016235100783013	0.00004419300650569909	0.000044727859733834086
2.	27.415580096054562	0.4	0.2822382495557157	0.5132063516160525	0.019599807210910418	0.00006901174081823015	0.1846370291790008	0.00020476971339462277	0.00004413351793935575	0.00004478098410781728
2.	27.705270027373917	0.4	0.28126570555730385	0.5114115658152312	0.01959088532880952	0.00006896810820054265	0.18740891927550368	0.00020942149301683021	0.00004407177173215286	0.00004453442193450008
2.	27.994959958693272	0.4	0.2802862390308435	0.5096108330421165	0.019580649910488784	0.00006892024669120895	0.19019497551549724	0.00021411681611549485	0.000044007795075758026	0.00004426543824725959
2.	28.28464989001263	0.4	0.27930034917268787	0.5078043171587029	0.019569132052332978	0.00006886825157267538	0.1929945374524436	0.00021885495364425315	0.00004394164001684712	0.00004394095861567915
2.	28.57433982133199	0.4	0.2783084305579711	0.5059920957523097	0.019556369071279583	0.00006881224065461073	0.19580671893424084	0.00022363526081043658	0.000043873361041901235	0.00004393818273376593
2.	28.864029752651344	0.4	0.27731098257835957	0.5041744411115878	0.019542371366691267	0.00006875223763568285	0.19863108895502962	0.00022845678371165976	0.00004380299204515535	0.00004390696698444718
2.	29.153719683970703	0.4	0.27630834335753096	0.5023514345006804	0.019527159543548774	0.0000686883027252038	0.20146701414680762	0.00023331868683709332	0.00004373056901625744	0.0000440414618698981
2.	29.443409615290058	0.4	0.27530096564045703	0.5005234241200758	0.019510764659343108	0.00006862053344919052	0.2043140466680623	0.00023822026379353604	0.00004365615095257086	0.00004395811481908152
2.	29.733099546609417	0.4	0.27428918627380783	0.49869059934488147	0.019493211724267594	0.00006854900656973815	0.20717157863348895	0.00024316074591135804	0.00004357978288687905	0.00004371427107310866
2.	30.02278947792877	0.4	0.27327324804618386	0.49685303718548784	0.019474527742631812	0.00006847380634577354	0.2100388756233928	0.0002481396377512668	0.00004350150662175751	0.000043697958206523335
2.	30.31247940924813	0.4	0.2722534933481754	0.49501102938374464	0.019454744626990844	0.00006839503474607573	0.21291537175627673	0.0002531588916091737	0.00004342137868648426	0.00004380695845718208
2.	30.602169340567485	0.4	0.27123031565464173	0.49316496539275795	0.019433882349430692	0.0000683127521873476	0.21580070052560105	0.0002582149546383459	0.00004333944697565574	0.00004360837074285362
2.	30.891859271886844	0.4	0.2702038902170781	0.49131489086689817	0.019411957654569663	0.00006822700816155884	0.21869434278921587	0.0002633069674879585	0.00004325574007024608	0.000043384496588694255
2.	31.1815492032062	0.4	0.26917446147131896	0.4894610062988256	0.0193889934379997	0.00006813787417831765	0.2215956905355055	0.00026843415610065216	0.000043170299966748484	0.00004327622607125381
2.	31.471239134525554	0.4	0.2681423645954763	0.4876037031555228	0.019365020258574586	0.00006804544904401113	0.22450429742601766	0.00027359586227659687	0.00004308318539955185	0.00004297325308799671
2.	31.760929065844913	0.4	0.2671077407617933	0.4857430581579169	0.019340063892166495	0.00006794981509746192	0.22741951250020914	0.00027879137845011995	0.00004299443539812315	0.000042883494366596775
2.	32.050618997164264	0.4	0.26607079221312835	0.4838792577993533	0.019314143246457614	0.00006785103087648964	0.23034087689194166	0.0002840199047155794	0.000042904086389305534	0.00004305891352701652
2.	32.34030892848362	0.4	0.26503183922179824	0.4820127143328629	0.01928728236478747	0.00006774917327934338	0.2332680538162477	0.00028928072201585926	0.00004281219047737736	0.000043080369008435815
2.	32.62999885980298	0.4	0.2639911064990271	0.48014369345216956	0.019259504874373484	0.00006764431803900577	0.23620056517090263	0.00029457311847547	0.00004271879245857041	0.00004291256701280388
2.	32.91968879112234	0.4	0.26294875098434833	0.47827235272526886	0.019230830146343303	0.00006753652622324645	0.2391379151794025	0.0002998963278401402	0.000042623927425369013	0.00004271811057363073
2.	33.2093787224417	0.4	0.26190495644746437	0.47639891213164864	0.019201280113641046	0.00006742586816922743	0.24207965612338997	0.00030524963212378886	0.00004252763591217045	0.000042519683562974864
2.	33.49906865376106	0.4	0.2608598935457557	0.47452359542215117	0.019170884989007153	0.00006731244354204564	0.2450252730739574	0.0003106324613970607	0.00004242996735552503	0.00004240806418936982
2.	33.78875858508041	0.4	0.25981375441193905	0.4726466467699958	0.019139660331356043	0.00006719630079156621	0.24797437535907588	0.0003160440207767255	0.000042330956232731326	0.00004232280606497607
2.	34.07844851639977	0.4	0.2587666869659861	0.4707682468858018	0.019107622783977294	0.00006707749241447883	0.250926540878338	0.0003214835395678456	0.000042230635126890995	0.000042341453914407357
2.	34.36813844771912	0.4	0.2577189031597121	0.4688887059891928	0.019074796369973005	0.00006695609703880307	0.2538814071584917	0.00032695038082557534	0.00004212905037816497	0.00004228084476604055
2.	34.65782837903848	0.4	0.25667056459380255	0.46700825092143794	0.01904120180758326	0.00006683218189931085	0.2568385946202499	0.0003324438663804741	0.00004202624080508273	0.0000421120086465665
2.	34.947518310357836	0.4	0.25562180838553694	0.4651270715466198	0.019006858436036278	0.00006670580959158831	0.25979765815102834	0.00033796330651115027	0.00004192224190519779	0.00004193436467592182
2.	35.237208241677195	0.4	0.25457274025134724	0.4632453217567168	0.01897179190243709	0.00006657706503983869	0.262758073147417	0.0003435081399793826	0.00004181709414246086	0.00004198773706265424
2.	35.52689817299655	0.4	0.25352359859175877	0.46136337085130574	0.018936019537659176	0.00006644600416289966	0.2657196450950871	0.0003490776673129801	0.00004171083891222404	0.00004184225271336439
2.	35.81658810431591	0.4	0.25247447992983246	0.45948135040066457	0.018899556914455728	0.00006631267688825871	0.2686819769807642	0.0003546711690125115	0.00004160350460694258	0.00004165192838234688
2.	36.10627803563526	0.4	0.2514254918004199	0.45759941707490515	0.018862420662532756	0.00006617713702260819	0.27164465417409406	0.00036028795432734213	0.000041495121793895846	0.00004155119669813079
2.	36.39596796695462	0.4	0.25037681102531517	0.4557178582583049	0.01882463284025324	0.00006603945757898282	0.274607364291558	0.0003659274484838239	0.000041385732825369795	0.00004136667850579423
2.	36.68565789827397	0.4	0.2493285505513327	0.4538368519283838	0.018786212489157177	0.000065899701136403	0.27756972578811284	0.0003715890358465368	0.000041275371632171326	0.00004117050603047456
2.	36.97534782959333	0.4	0.24828078580962387	0.45195651508886964	0.018747178081649274	0.00006575792842259259	0.280531302471133	0.00037727210479890285	0.00004116406858202056	0.0000411885155027214
2.	37.26503776091269	0.4	0.24723369082547605	0.45007713003259875	0.018707545336857364	0.00006561419064755833	0.2834918652463217	0.00038297599897120217	0.00004105185869348596	0.000041178369127370384
2.	37.55472769223205	0.4	0.24618740851362292	0.44819893499936125	0.0186673332926472	0.00006546855079601721	0.286451117043853	0.00038870014407452576	0.000040938778408387606	0.00004103745564509875
2.	37.84441762355141	0.4	0.2451420270117409	0.4463220714312046	0.018626556999153106	0.00006532105799443608	0.28940871413633346	0.00039444389790405527	0.000040824855285812125	0.000040865465669392975
2.	38.134107554870766	0.4	0.24409764203124357	0.4444466972153096	0.018585232211562275	0.00006517176396607179	0.2923643208671374	0.00040020664485020276	0.00004071011831322735	0.000040729265930961045
2.	38.42379748619012	0.4	0.24305438629926515	0.442573044183106	0.018543380086227162	0.00006502073949117507	0.29531761952830077	0.0004059879011393335	0.000040594605635827904	0.000040561262470428794
2.	38.71348741750948	0.4	0.24201234603609556	0.44070125817597	0.018501016270902015	0.00006486803614406974	0.29826827392514405	0.00041178708099269193	0.000040478345386619595	0.00004045047475159658
2.	39.00317734882883	0.4	0.2409716162384262	0.43883149523370446	0.018458152509752725	0.00006471369192168316	0.30121602833248395	0.0004176035227673725	0.00004036136191356671	0.000040390470943563184
2.	39.29286728014819	0.4	0.2399323117613536	0.4369639549543691	0.018414805453341617	0.00006455776212870078	0.30416060653091814	0.0004234366870674299	0.00004024368678530357	0.000040326850821337246
2.	39.582557211467545	0.4	0.23889454845435074	0.43509884047400693	0.01837099193509899	0.00006440030280925989	0.30710174833773773	0.000429286054928243	0.00004012535186049475	0.00004018444106806962
2.	39.872247142786904	0.4	0.2378584060285636	0.4332362906876779	0.018326726103650444	0.00006424136069044038	0.31003915988678693	0.0004351510605789736	0.00004000638303132642	0.000040024872051791505
2.	40.16193707410626	0.4	0.23682395583272414	0.4313764355926319	0.018282024503300503	0.00006408099098880543	0.31297250591164	0.0004410319726893115	0.00003988680825736415	0.00003996519602539328
2.	40.451627005425614	0.4	0.2357913254249114	0.4295195009677273	0.01823690330347875	0.00006391924769355278	0.31590158167786675	0.00044692816790913254	0.000039766659535012296	0.00003984121041306077
2.	40.74131693674497	0.4	0.23476059410097744	0.4276656247058017	0.01819137428279725	0.0000637561694884341	0.3188261424364194	0.00045283846666838704	0.00003964595996007858	0.00003966983784742251
2.	41.031006868064324	0.4	0.23373182274900076	0.42581491511664493	0.018145449563084587	0.00006359179634317286	0.3217459095937463	0.00045876230283189713	0.000039524731530665216	0.00003954887834833887
2.	41.32069679938368	0.4	0.23270511143320013	0.4239675529052513	0.018099144357940977	0.0000634261791416852	0.3246606544583209	0.0004646992012355434	0.00003940300290376925	0.00003941146490948899
2.	41.61038673070304	0.4	0.23168055040499932	0.4221237018471274	0.018052473179022536	0.00006325936638212281	0.3275701463657157	0.0004706486852662292	0.00003928080112612777	0.000039220151486663024
2.	41.9000766620224	0.4	0.23065818791282883	0.4202834552829235	0.01800545053031783	0.00006309140660727188	0.3304740630405507	0.0004766102951564899	0.00003915814984039832	0.00003914153161532763
2.	42.18976659334176	0.4	0.2296381125452811	0.41844697034653666	0.01795808765421614	0.00006292233700042715	0.33337222626547985	0.0004825834984023457	0.00003903507215705135	0.00003909735308343931
2.	42.47945652466112	0.4	0.22862042511703937	0.41661443035237045	0.017910398728170896	0.00006275220509651921	0.33626445668906046	0.0004885678548756085	0.0000389115955138707	0.00003896905338668377
2.	42.76914645598047	0.4	0.22760518601342777	0.41478594660202256	0.017862395408900132	0.00006258104966252309	0.33915051903604	0.000494562871746184	0.00003878774118530758	0.000038809018200802736
2.	43.05883638729983	0.4	0.2265924516896745	0.4129616238512907	0.017814089070973975	0.00006240890853956546	0.34203017894738474	0.0005005680614673803	0.000038663529774935725	0.000038679470669156224
2.	43.34852631861918	0.4	0.22558230908360669	0.41114162326308407	0.01776549368982418	0.00006223582874041096	0.34490324612144246	0.0005065830237997342	0.000038538987290930145	0.00003850898950247261
2.	43.63821624993854	0.4	0.22457481283183844	0.40932605177340936	0.017716623299986425	0.00006206185754122324	0.347769454579638	0.0005126073786587608	0.000038414137173812716	0.00003838827892782559
2.	43.927906181257896	0.4	0.22357002699955045	0.4075150238600253	0.017667486395522257	0.00006188702286472402	0.35062864932062554	0.0005186406000579733	0.00003828899724945258	0.000038285801353787896
2.	44.217596112577255	0.4	0.22256801419091984	0.40570865657401406	0.017618094352646725	0.00006171136278444674	0.3534806321581145	0.0005246822579570536	0.000038163588496738225	0.000038209103563391356
2.	44.50728604389661	0.4	0.22156885436179552	0.403907099007878	0.01756845994304017	0.00006153492031323523	0.35632524190712883	0.0005307319790205399	0.00003803793486496959	0.00003807788082366148
2.	44.796975975215965	0.4	0.22057259974965135	0.4021104501042625	0.017518593763433933	0.00006135773089513577	0.3591622814844204	0.0005367893405794975	0.00003791205554229804	0.00003792782675710038
2.	45.08666590653532	0.4	0.21958100516165466	0.400321914255912	0.017468642577868107	0.00006118030692024388	0.36198658348535634	0.0005428581656115588	0.0000377862634914525	0.00003781604667701943
2.	45.37635583785468	0.4	0.2185962280018922	0.39854543137924714	0.017418786516822837	0.00006100327760385146	0.3647919024266372	0.0005489435816835734	0.000037660942832449376	0.0000377048161131488
2.	45.66604576917404	0.4	0.2176142184803258	0.39677361928456123	0.01736870784472905	0.00006082552857982832	0.36759004361592296	0.0005550351224109049	0.000037535404643636604	0.000037550123470231345
2.	45.95573570049339	0.4	0.21663501163599305	0.39500654591198653	0.017318415209398117	0.00006064708866214386	0.3703808331225086	0.0005611323336715977	0.00003740966430389257	0.000037414697779902806
2.	46.24542563181275	0.4	0.21565865512090043	0.39324430244263553	0.01726791826856783	0.00006046799024328519	0.37316412389153786	0.0005672348058247246	0.000037283739338135685	0.000037297480290354734
2.	46.53511556313211	0.4	0.214685208196193	0.3914870014515124	0.01721722761594982	0.000060288269033108646	0.3759397952781597	0.0005733421737924892	0.000037157649254592624	0.00003713701535956737
2.	46.82480549445147	0.4	0.21371470344326998	0.38973470873014787	0.017166352773544048	0.000060107957026887404	0.37870766707997966	0.0005794540519509459	0.0000370314101331128	0.000037005964080571996
2.	47.11449542577082	0.4	0.21274717787562114	0.3879874965301953	0.0171153024680303	0.000059927083472355585	0.38146759210140596	0.000585570040967365	0.000036905037471129545	0.00003693390030756749
2.	47.40418535709018	0.4	0.21178269099987512	0.3862454759574737	0.01706408573813555	0.00005974567874602821	0.3842194970379687	0.0005916897646019888	0.00003677854892739101	0.000036814823198894064
2.	47.69387528840954	0.4	0.21082127862220362	0.38450871690717686	0.017012710899093356	0.000059563770726150956	0.3869632511926529	0.0005978128349032351	0.00003665195937156429	0.00003666577324384912
2.	47.983565219728895	0.4	0.20986296962123993	0.3827772767820786	0.01696118570265773	0.00005938138535209849	0.38969871634253306	0.0006039388562312167	0.000036525282431774006	0.000036531309907272824
2.	48.27325515104825	0.4	0.20890780530496045	0.3810512357831503	0.016909518898591578	0.00005919855209011424	0.39242578234750286	0.0006100674805241017	0.00003639853385981603	0.00003639163318053251
2.	48.562945082367605	0.4	0.20795582502377474	0.3793306726398361	0.016857720355517355	0.00005901530435465607	0.39514431633559133	0.0006161984145794195	0.0000362717309134524	0.00003625192634637564
2.	48.852635013686964	0.4	0.20700705615111945	0.3776156409255253	0.01680579676370125	0.00005883166446351599	0.39785421008232624	0.0006223312631664493	0.000036144884921160856	0.000036133149697747946
2.	49.14232494500632	0.4	0.2060615279738696	0.37590619777626133	0.01675375493961179	0.000058647655206357366	0.40055536478491377	0.0006284656461107455	0.000036018008802718455	0.00003604122402645071
2.	49.432014876325674	0.4	0.20511928411649646	0.37420242750604465	0.016701603460786245	0.0000584633055663852	0.403247703252932	0.0006346012610441035	0.00003589111818380401	0.00003591709713013369
2.	49.72170480764503	0.4	0.20418035209047616	0.3725043851160837	0.016649349588858227	0.00005827863994791991	0.4059311224845396	0.0006407377693744484	0.00003576422583827654	0.00003577431071999371
2.	50.01139473896439	0.4	0.20324475504853387	0.3708121177249696	0.016597000219053967	0.00005809368149962402	0.40860551551242563	0.0006468748598705208	0.00003563734373393071	0.000035642953646775055
2.	50.30108467028374	0.4	0.20231252409982806	0.3691256891738991	0.016544564286014963	0.00005790846053451308	0.41127076708816074	0.0006530129826390947	0.00003551048678755759	0.00003553390892357955
2.	50.5907746016031	0.4	0.2013836923250781	0.3674451625178756	0.016492047979945544	0.00005772299778432632	0.4139268301358201	0.0006591510769986465	0.00003538366692124729	0.00003539296649762713
2.	50.88046453292246	0.4	0.2004582772158938	0.3657705740096794	0.016439457238931747	0.0000575373131230548	0.4165736099786876	0.0006652887968585921	0.00003525689445913368	0.00003525544682581039
2.	51.17015446424182	0.4	0.19953629904903825	0.3641019652936493	0.016386798388310825	0.00005735142780393384	0.4192110183145393	0.0006714258222385355	0.00003513018036698836	0.00003514170441987208
2.	51.45984439556117	0.4	0.1986177915705276	0.3624394026313191	0.01633407884722352	0.000057165366931221666	0.4218389997388146	0.0006775618897146607	0.00003500353794005363	0.000034999955469239286
2.	51.74953432688053	0.4	0.19770277316092885	0.36078292449237737	0.016281304900966152	0.000056979151662898214	0.42445746836151993	0.0006836967018921364	0.00003487697788721646	0.00003485323065266499
2.	52.03922425819989	0.4	0.19679125778510795	0.35913256266692045	0.01622848334850708	0.000056792804976076174	0.42706631319251875	0.0006898299948665713	0.00003475051107803185	0.00003476020710313499
2.	52.328914189519246	0.4	0.19588327518946508	0.35748837400181327	0.01617561979054037	0.000056606345675131294	0.42966551536170455	0.0006959614655799944	0.00003462414841999152	0.000034647845221669193
2.	52.6186041208386	0.4	0.19497884576167637	0.3558504001209318	0.016122720250824153	0.000056419794065267367	0.43225501477434985	0.0007020908400995669	0.00003449790034557804	0.00003450845805297309
2.	52.908294052157956	0.4	0.19407798158660716	0.354218667513133	0.016069790052117058	0.00005623316801822131	0.43483473716126786	0.0007082178251724754	0.00003437177583939246	0.0000343726936841704
2.	53.197983983477314	0.4	0.19318069850222497	0.3525932095298557	0.016016834810747435	0.00005604648645215127	0.4374046203867488	0.0007143421509242235	0.00003424578450444708	0.00003424813304675478
2.	53.48767391479667	0.4	0.19228702010858645	0.3509740742460294	0.01596386113479767	0.00005585977177393797	0.4399646157382834	0.00072046360336371	0.00003411993769053446	0.00003410539716547367
2.	53.777363846116025	0.4	0.1913969563431993	0.34936128480097045	0.015910874482037207	0.00005567304238296868	0.4425146473299045	0.0007265819293417163	0.00003399424427975992	0.000033982072163873944
2.	54.06705377743538	0.4	0.19051051824943888	0.34775486430157865	0.015857879014654887	0.000055486312162763375	0.4450546768316679	0.0007326968267949365	0.00003386871174649014	0.00003387846370195291
2.	54.35674370875474	0.4	0.18962772565575967	0.3461548530947024	0.01580488040789086	0.000055299600308050435	0.44758467220943365	0.0007388080729826834	0.00003374334999215937	0.00003376095892265729
2.	54.6464336400741	0.4	0.1887485919110496	0.3445612797012795	0.015751883782775252	0.000055112924090656545	0.45010459044497564	0.0007449154308738461	0.0000336181677257671	0.00003362580495547274
2.	54.93612357139345	0.4	0.1878731248797389	0.34297416262824193	0.015698893785501336	0.000054926299136920836	0.452614379139802	0.0007510186516075462	0.00003349317263598289	0.00003349461597129677
2.	55.22581350271281	0.4	0.18700133563747753	0.3413935270111436	0.01564591583050154	0.000054739743776481606	0.4551139844588761	0.0007571175335517402	0.0000333683735280963	0.00003337978467304881
2.	55.51550343403217	0.4	0.18613324012714252	0.33981940588404325	0.01559295506494018	0.00005455327541869318	0.4576033836715121	0.0007632118737794794	0.00003324377928545891	0.00003325010316379551
2.	55.80519336535153	0.4	0.185268843563415	0.3382518119161975	0.015540015200686425	0.00005436690646591341	0.46008254438431173	0.0007693014097050112	0.0000331193962434044	0.00003311661921839848
2.	56.09488329667088	0.4	0.1844081503041233	0.33669075691859507	0.015487100338532449	0.00005418065069549803	0.4625514236743839	0.0007753859066455535	0.000032995231084802544	0.000033002207024235286
2.	56.38457322799024	0.4	0.18355117434172732	0.3351362702829984	0.01543421537009232	0.00005399452466520608	0.46501000602767606	0.0007814651793394267	0.000032871292172955904	0.00003287427350129324
2.	56.6742631593096	0.4	0.18269792258044557	0.3335883684484621	0.01538136457471947	0.00005380854280410027	0.467458261750516	0.0007875390224887371	0.00003274758656199914	0.00003273508056395036
2.	56.963953090628955	0.4	0.18184839743507414	0.33204706055874444	0.01532855245566231	0.00005362272033742097	0.4698961369472074	0.0007936072524970973	0.00003262412116295843	0.000032622630477097125
2.	57.25364302194831	0.4	0.18100260682201275	0.3305123641245303	0.015275782833843905	0.00005343707011601707	0.4723236232374217	0.0007996696606955552	0.000032500902549617444	0.00003251625137978831
2.	57.543332953267665	0.4	0.18016056003017247	0.3289842993246364	0.015223059746343595	0.00005325160575916896	0.4747407165646591	0.0008057260591661684	0.00003237793763593149	0.000032386669263140266
2.	57.833022884587024	0.4	0.17932225764001644	0.3274628707666349	0.015170386710961721	0.00005306633908157826	0.4771473873396887	0.0008117762421448407	0.00003225523199638025	0.000032254961471855914
2.	58.12271281590638	0.4	0.17848770077186696	0.325948084027218	0.015117767271344984	0.00005288128200000803	0.47954361005844753	0.0008178200141054255	0.0000321327912588562	0.00003213657501716094
2.	58.412402747225734	0.4	0.17765689820411187	0.3244399586505459	0.015065205600778316	0.0000526964486449252	0.4819293826643745	0.0008238572229698057	0.00003201062238790417	0.000032001208574605755
2.	58.70209267854509	0.4	0.17682985044169477	0.3229385000523049	0.015012705836079433	0.000052511853030042835	0.48430466555414503	0.0008298877252868078	0.00003188873159269939	0.00003187853745900693
2.	58.99178260986445	0.4	0.17600655667315446	0.32144370910196995	0.014960270532342623	0.00005232750364707161	0.48666945670614165	0.0008359112998562669	0.00003176712315602759	0.00003176818288797012
2.	59.2814725411838	0.4	0.17518702020970497	0.3199555950429012	0.014907903164485764	0.00005214341221556962	0.4890237526455002	0.000841927784471639	0.00003164580273178373	0.000031657740720669736
2.	59.57116247250316	0.4	0.17437124468329232	0.31847416775277015	0.014855607262636853	0.000051959590658242946	0.49136755252316766	0.0008479370294042615	0.00003152477604463819	0.000031531158070474685
2.	59.86085240382252	0.4	0.17355922770171334	0.3169994260875065	0.014803385825546736	0.00005177604904899997	0.49370084130982594	0.0008539388638473948	0.00003140404769081044	0.00003140416251118383
2.	60.15054233514188	0.4	0.17275096771923576	0.31553137056826513	0.014751242000620177	0.00005159279799125075	0.49602360600725176	0.0008599333733416848	0.00003128362248730327	0.00003128753329417755
2.	60.44023226646123	0.4	0.17194646846314496	0.3140700118020556	0.014699179694681359	0.00005140985075371712	0.4983358418959582	0.0008659204432449417	0.000031163506538003226	0.0000311678501611623
2.	60.72992219778059	0.4	0.17114572680925408	0.3126153462890849	0.014647201128246122	0.00005122721471624379	0.5006375575808616	0.000871899661828659	0.00003104370343883897	0.000031041316008284525
2.	61.01961212909995	0.4	0.17034873773784268	0.31116736783541016	0.014595308882767331	0.000051044898529958446	0.5029287432575087	0.0008778708654494136	0.00003092421701733211	0.00003092652249181427
2.	61.309302060419306	0.4	0.1695555013564801	0.3097260795921049	0.01454350595978494	0.00005086291232377939	0.50520940642296	0.0008838339236918784	0.000030805051992025296	0.000030809832654354885
2.	61.59899199173866	0.4	0.16876601665653604	0.30829148265066497	0.014491795247213477	0.000050681265837534635	0.5074795537843436	0.0008897887080040106	0.00003068621284126001	0.00003068168740039123
2.	61.888681923058016	0.4	0.16798027819139952	0.30686357026394934	0.014440179434364991	0.00005049996812457862	0.5097391750897691	0.0008957350861587248	0.000030567703426144854	0.00003056196623385521
2.	62.178371854377374	0.4	0.16719828180314175	0.3054423378959112	0.014388661218557438	0.00005031902827415496	0.511988268220276	0.0009016729346776834	0.000030449527708241575	0.000030458899161756037
2.	62.46806178569673	0.4	0.16642002732027972	0.3040277874399626	0.014337243044006593	0.00005013845449805801	0.5142268625911276	0.0009076021224554598	0.000030331689682787397	0.000030339027669912255
2.	62.757751717016085	0.4	0.16564550823979257	0.30261990972021463	0.014285927151105196	0.000049958254302815424	0.5164549599413913	0.0009135225131425414	0.000030214192562301847	0.000030214180051002515
2.	63.04744164833544	0.4	0.164874717249894	0.3012186940618302	0.014234715691344657	0.00004977843489141009	0.5186725612880367	0.0009194339720098234	0.000030097039373471595	0.00003009930199326938
2.	63.3371315796548	0.4	0.16410765189630921	0.2998241386428108	0.014183611216673562	0.000049599004874348596	0.520879684777795	0.0009253363976624352	0.000029980233992000832	0.00002997806387461388
2.	63.62682151097416	0.4	0.1633443070872028	0.2984362371962806	0.01413261630961792	0.00004941997297594085	0.5230763338116674	0.0009312296990198165	0.000029863780089060628	0.000029855923235566628
2.	63.91651144229351	0.4	0.16258467461127848	0.2970549771702752	0.01408173287069345	0.00004924134554231013	0.5252625156113592	0.0009371137481434668	0.000029747680282738075	0.00002974464270799615
2.	64.20620137361287	0.4	0.16182874777571235	0.29568034850469904	0.014030962729950202	0.00004906312867981102	0.5274382497575899	0.0009429884191697438	0.000029631937224661257	0.000029639684199000982
2.	64.49589130493223	0.4	0.16107652290041846	0.2943123469277333	0.013980308173341623	0.00004888533009543466	0.5296035609935388	0.0009488536238254425	0.00002951655432360778	0.000029522051046892983
2.	64.78558123625159	0.4	0.16032799134988382	0.29295095909267616	0.013929771039402553	0.0000487079559378969	0.5317584597220953	0.0009547092511187474	0.000029401534045950547	0.00002940158888542488
2.	65.07527116757095	0.4	0.15958314418032324	0.29159617106823377	0.01387935312120601	0.00004853101220307118	0.5339029568232843	0.0009605551937383097	0.000029286878765337045	0.000029288601011367987
2.	65.36496109889029	0.4	0.15884197663775465	0.29024797702355726	0.01382905688592457	0.000048354507249843344	0.5360370681409234	0.0009663913981984556	0.00002917259196022886	0.000029175406391801495
2.	65.65465103020966	0.4	0.15810448032215976	0.28890636355957344	0.013778883843553644	0.000048178446095971034	0.5381608190056341	0.0009722177522219158	0.00002905867570090567	0.00002905707076128472
2.	65.94434096152901	0.4	0.1573706447071165	0.2875713135443312	0.013728835422053602	0.000048002833478079325	0.5402742252236522	0.0009780341438149851	0.000028945131769636304	0.000028944125553431732
2.	66.23403089284837	0.4	0.15664046119462927	0.2862428134864959	0.013678913295878082	0.00004782767500021076	0.5423773074446225	0.000983840484668064	0.000028831962377774377	0.00002883641870599085
2.	66.52372082416773	0.4	0.15591392332246518	0.2849208537775769	0.013629119308681235	0.0000476529768633767	0.5444700952439238	0.0009896367054555266	0.00002871917009646665	0.000028718665034066504
2.	66.81341075548708	0.4	0.15519102052142641	0.2836054172838884	0.013579454928029918	0.00004747874395885328	0.546552605435686	0.0009954227165087878	0.000028606756707590086	0.000028600370501674632
2.	67.10310068680644	0.4	0.15447174247224188	0.2822964878175268	0.013529921986401442	0.0000473049824588928	0.5486248446688792	0.0010011984613330861	0.000028494724413514243	0.00002849961115869437
2.	67.39279061812579	0.4	0.1537560818765955	0.2809940535814164	0.013480521777428619	0.00004713169665673101	0.5506868580935281	0.0010069638506579601	0.000028383075051417517	0.000028389123716721087
2.	67.68248054944516	0.4	0.15304402814949697	0.27969809725079026	0.013431255642223054	0.00004695889101649744	0.5527386688396292	0.0010127188045996932	0.000028271810218838944	0.000028272422244457474
2.	67.9721704807645	0.4	0.15233556934776288	0.278408599007085	0.013382124790807443	0.000046786569548770094	0.5547802960916188	0.001018463239350369	0.000028160931235932925	0.00002816095382673911
2.	68.26186041208386	0.4	0.15163069565109408	0.2771255428922667	0.013333130602331432	0.00004661473686008092	0.5568117678255365	0.0010241970898239928	0.00002805043978274957	0.000028051202087153726
2.	68.55155034340322	0.4	0.15092939815595588	0.27584891469584394	0.013284274584755161	0.00004644339801181073	0.5588331143608459	0.001029920307161459	0.000027940337750973253	0.000027934497425885496
2.	68.84124027472258	0.4	0.15023166470907276	0.27457869441672345	0.013235558063291573	0.00004627255743081758	0.560844350884325	0.0010356328348463547	0.00002783062653509343	0.00002782653430999371
2.	69.13093020604194	0.4	0.14953748310664094	0.27331486123033255	0.013186981833766237	0.00004610221769749278	0.5628455112425703	0.0010413345808972891	0.000027721306914225985	0.000027725788095178672
2.	69.42062013736128	0.4	0.1488468443205333	0.27205740046862414	0.013138547219216444	0.00004593238323962548	0.5648366330491267	0.0010470255000050075	0.000027612380523693568	0.00002761705925491409
2.	69.71031006868066	0.4	0.1481597363012638	0.2708062919235213	0.013090255260193568	0.000045763057501520407	0.5668177436525016	0.001052705530431212	0.0000275038484087755	0.00002750427458708682
2.	70.	0.4	0.1474761461519337	0.26956151382004306	0.013042106905800504	0.00004559424361180073	0.5687888680343108	0.0010583746085273582	0.00002739571142684167	0.000027396235772747524